timestamp,mode,path,offset,size,phase,confidence,prefetch,prefetch_offset,prefetch_size,prefetch_depth
1773128118.4708538,adaptive,/big.txt,0,131072,unknown,0.0000,0,,,1
1773128118.4713488,adaptive,/big.txt,131072,131072,sequential,1.0000,1,262144,4096,1
1773128118.4717999,adaptive,/big.txt,262144,131072,sequential,1.0000,1,393216,4096,1
1773128118.4722483,adaptive,/big.txt,393216,131072,sequential,1.0000,1,524288,4096,1
1773128118.4727004,adaptive,/big.txt,524288,131072,sequential,1.0000,1,655360,4096,1
1773128118.4731505,adaptive,/big.txt,655360,131072,sequential,1.0000,1,786432,4096,1
1773128118.4735126,adaptive,/big.txt,786432,131072,sequential,1.0000,1,917504,4096,1
1773128118.4738612,adaptive,/big.txt,917504,131072,sequential,1.0000,1,1048576,4096,1
1773128118.4742002,adaptive,/big.txt,1048576,131072,sequential,1.0000,1,1179648,4096,1
1773128118.4745357,adaptive,/big.txt,1179648,131072,sequential,1.0000,1,1310720,4096,1
1773128118.474867,adaptive,/big.txt,1310720,131072,sequential,1.0000,1,1441792,4096,1
1773128118.4752061,adaptive,/big.txt,1441792,131072,sequential,1.0000,1,1572864,4096,1
1773128118.475538,adaptive,/big.txt,1572864,131072,sequential,1.0000,1,1703936,4096,1
1773128118.475869,adaptive,/big.txt,1703936,131072,sequential,1.0000,1,1835008,4096,1
1773128118.4762,adaptive,/big.txt,1835008,131072,sequential,1.0000,1,1966080,4096,1
1773128118.4765313,adaptive,/big.txt,1966080,131072,sequential,1.0000,1,2097152,4096,1
1773128118.476866,adaptive,/big.txt,2097152,131072,sequential,1.0000,1,2228224,4096,1
1773128118.4772024,adaptive,/big.txt,2228224,131072,sequential,1.0000,1,2359296,4096,1
1773128118.4775321,adaptive,/big.txt,2359296,131072,sequential,1.0000,1,2490368,4096,1
1773128118.4778655,adaptive,/big.txt,2490368,131072,sequential,1.0000,1,2621440,4096,1
1773128118.478181,adaptive,/big.txt,2621440,131072,sequential,1.0000,1,2752512,4096,1
1773128118.4785116,adaptive,/big.txt,2752512,131072,sequential,1.0000,1,2883584,4096,1
1773128118.4788413,adaptive,/big.txt,2883584,131072,sequential,1.0000,1,3014656,4096,1
1773128118.4791765,adaptive,/big.txt,3014656,131072,sequential,1.0000,1,3145728,4096,1
1773128118.479507,adaptive,/big.txt,3145728,131072,sequential,1.0000,1,3276800,4096,1
1773128118.4798365,adaptive,/big.txt,3276800,131072,sequential,1.0000,1,3407872,4096,1
1773128118.4801679,adaptive,/big.txt,3407872,131072,sequential,1.0000,1,3538944,4096,1
1773128118.4804976,adaptive,/big.txt,3538944,131072,sequential,1.0000,1,3670016,4096,1
1773128118.4808288,adaptive,/big.txt,3670016,131072,sequential,1.0000,1,3801088,4096,1
1773128118.4811594,adaptive,/big.txt,3801088,131072,sequential,1.0000,1,3932160,4096,1
1773128118.4814885,adaptive,/big.txt,3932160,131072,sequential,1.0000,1,4063232,4096,1
1773128118.4818041,adaptive,/big.txt,4063232,131072,sequential,1.0000,1,4194304,4096,1
1773128118.4821193,adaptive,/big.txt,4194304,131072,sequential,1.0000,1,4325376,4096,1
1773128118.4824507,adaptive,/big.txt,4325376,131072,sequential,1.0000,1,4456448,4096,1
1773128118.4827921,adaptive,/big.txt,4456448,131072,sequential,1.0000,1,4587520,4096,1
1773128118.4831295,adaptive,/big.txt,4587520,131072,sequential,1.0000,1,4718592,4096,1
1773128118.4834607,adaptive,/big.txt,4718592,131072,sequential,1.0000,1,4849664,4096,1
1773128118.4837906,adaptive,/big.txt,4849664,131072,sequential,1.0000,1,4980736,4096,1
1773128118.4841242,adaptive,/big.txt,4980736,131072,sequential,1.0000,1,5111808,4096,1
1773128118.484437,adaptive,/big.txt,5111808,131072,sequential,1.0000,1,5242880,4096,1
1773128118.4847488,adaptive,/big.txt,5242880,131072,sequential,1.0000,1,5373952,4096,1
1773128118.4850616,adaptive,/big.txt,5373952,131072,sequential,1.0000,1,5505024,4096,1
1773128118.4853745,adaptive,/big.txt,5505024,131072,sequential,1.0000,1,5636096,4096,1
1773128118.4856877,adaptive,/big.txt,5636096,131072,sequential,1.0000,1,5767168,4096,1
1773128118.4859993,adaptive,/big.txt,5767168,131072,sequential,1.0000,1,5898240,4096,1
1773128118.4863122,adaptive,/big.txt,5898240,131072,sequential,1.0000,1,6029312,4096,1
1773128118.4866402,adaptive,/big.txt,6029312,131072,sequential,1.0000,1,6160384,4096,1
1773128118.486987,adaptive,/big.txt,6160384,131072,sequential,1.0000,1,6291456,4096,1
1773128118.4873047,adaptive,/big.txt,6291456,131072,sequential,1.0000,1,6422528,4096,1
1773128118.4876218,adaptive,/big.txt,6422528,131072,sequential,1.0000,1,6553600,4096,1
1773128118.4879348,adaptive,/big.txt,6553600,131072,sequential,1.0000,1,6684672,4096,1
1773128118.4882486,adaptive,/big.txt,6684672,131072,sequential,1.0000,1,6815744,4096,1
1773128118.4885612,adaptive,/big.txt,6815744,131072,sequential,1.0000,1,6946816,4096,1
1773128118.4888763,adaptive,/big.txt,6946816,131072,sequential,1.0000,1,7077888,4096,1
1773128118.4891896,adaptive,/big.txt,7077888,131072,sequential,1.0000,1,7208960,4096,1
1773128118.4895034,adaptive,/big.txt,7208960,131072,sequential,1.0000,1,7340032,4096,1
1773128118.489817,adaptive,/big.txt,7340032,131072,sequential,1.0000,1,7471104,4096,1
1773128118.4901297,adaptive,/big.txt,7471104,131072,sequential,1.0000,1,7602176,4096,1
1773128118.490446,adaptive,/big.txt,7602176,131072,sequential,1.0000,1,7733248,4096,1
1773128118.4907598,adaptive,/big.txt,7733248,131072,sequential,1.0000,1,7864320,4096,1
1773128118.491094,adaptive,/big.txt,7864320,131072,sequential,1.0000,1,7995392,4096,1
1773128118.4914074,adaptive,/big.txt,7995392,131072,sequential,1.0000,1,8126464,4096,1
1773128118.4917212,adaptive,/big.txt,8126464,131072,sequential,1.0000,1,8257536,4096,1
1773128118.4920378,adaptive,/big.txt,8257536,131072,sequential,1.0000,1,8388608,4096,1
1773128118.4923546,adaptive,/big.txt,8388608,131072,sequential,1.0000,1,8519680,4096,1
1773128118.4926693,adaptive,/big.txt,8519680,131072,sequential,1.0000,1,8650752,4096,1
1773128118.4929886,adaptive,/big.txt,8650752,131072,sequential,1.0000,1,8781824,4096,1
1773128118.4933035,adaptive,/big.txt,8781824,131072,sequential,1.0000,1,8912896,4096,1
1773128118.493618,adaptive,/big.txt,8912896,131072,sequential,1.0000,1,9043968,4096,1
1773128118.493932,adaptive,/big.txt,9043968,131072,sequential,1.0000,1,9175040,4096,1
1773128118.4942455,adaptive,/big.txt,9175040,131072,sequential,1.0000,1,9306112,4096,1
1773128118.494562,adaptive,/big.txt,9306112,131072,sequential,1.0000,1,9437184,4096,1
1773128118.4949129,adaptive,/big.txt,9437184,131072,sequential,1.0000,1,9568256,4096,1
1773128118.4952345,adaptive,/big.txt,9568256,131072,sequential,1.0000,1,9699328,4096,1
1773128118.4955504,adaptive,/big.txt,9699328,131072,sequential,1.0000,1,9830400,4096,1
1773128118.4958656,adaptive,/big.txt,9830400,131072,sequential,1.0000,1,9961472,4096,1
1773128118.4961827,adaptive,/big.txt,9961472,131072,sequential,1.0000,1,10092544,4096,1
1773128118.496503,adaptive,/big.txt,10092544,131072,sequential,1.0000,1,10223616,4096,1
1773128118.4968188,adaptive,/big.txt,10223616,131072,sequential,1.0000,1,10354688,4096,1
1773128118.497135,adaptive,/big.txt,10354688,131072,sequential,1.0000,1,10485760,4096,1
1773128118.4974475,adaptive,/big.txt,10485760,131072,sequential,1.0000,1,10616832,4096,1
1773128118.4977727,adaptive,/big.txt,10616832,131072,sequential,1.0000,1,10747904,4096,1
1773128118.4980884,adaptive,/big.txt,10747904,131072,sequential,1.0000,1,10878976,4096,1
1773128118.4984052,adaptive,/big.txt,10878976,131072,sequential,1.0000,1,11010048,4096,1
1773128118.49871,adaptive,/big.txt,11010048,131072,sequential,1.0000,1,11141120,4096,1
1773128118.4990308,adaptive,/big.txt,11141120,131072,sequential,1.0000,1,11272192,4096,1
1773128118.4993327,adaptive,/big.txt,11272192,131072,sequential,1.0000,1,11403264,4096,1
1773128118.4996324,adaptive,/big.txt,11403264,131072,sequential,1.0000,1,11534336,4096,1
1773128118.4999306,adaptive,/big.txt,11534336,131072,sequential,1.0000,1,11665408,4096,1
1773128118.500229,adaptive,/big.txt,11665408,131072,sequential,1.0000,1,11796480,4096,1
1773128118.5005271,adaptive,/big.txt,11796480,131072,sequential,1.0000,1,11927552,4096,1
1773128118.5008237,adaptive,/big.txt,11927552,131072,sequential,1.0000,1,12058624,4096,1
1773128118.501126,adaptive,/big.txt,12058624,131072,sequential,1.0000,1,12189696,4096,1
1773128118.5014338,adaptive,/big.txt,12189696,131072,sequential,1.0000,1,12320768,4096,1
1773128118.5017304,adaptive,/big.txt,12320768,131072,sequential,1.0000,1,12451840,4096,1
1773128118.5020304,adaptive,/big.txt,12451840,131072,sequential,1.0000,1,12582912,4096,1
1773128118.5023286,adaptive,/big.txt,12582912,131072,sequential,1.0000,1,12713984,4096,1
1773128118.502627,adaptive,/big.txt,12713984,131072,sequential,1.0000,1,12845056,4096,1
1773128118.5029337,adaptive,/big.txt,12845056,131072,sequential,1.0000,1,12976128,4096,1
1773128118.5032318,adaptive,/big.txt,12976128,131072,sequential,1.0000,1,13107200,4096,1
1773128118.503527,adaptive,/big.txt,13107200,131072,sequential,1.0000,1,13238272,4096,1
1773128118.5038238,adaptive,/big.txt,13238272,131072,sequential,1.0000,1,13369344,4096,1
1773128118.5041215,adaptive,/big.txt,13369344,131072,sequential,1.0000,1,13500416,4096,1
1773128118.5044205,adaptive,/big.txt,13500416,131072,sequential,1.0000,1,13631488,4096,1
1773128118.5047174,adaptive,/big.txt,13631488,131072,sequential,1.0000,1,13762560,4096,1
1773128118.5050154,adaptive,/big.txt,13762560,131072,sequential,1.0000,1,13893632,4096,1
1773128118.5053134,adaptive,/big.txt,13893632,131072,sequential,1.0000,1,14024704,4096,1
1773128118.5056105,adaptive,/big.txt,14024704,131072,sequential,1.0000,1,14155776,4096,1
1773128118.5059114,adaptive,/big.txt,14155776,131072,sequential,1.0000,1,14286848,4096,1
1773128118.5062144,adaptive,/big.txt,14286848,131072,sequential,1.0000,1,14417920,4096,1
1773128118.506456,adaptive,/big.txt,14417920,131072,sequential,1.0000,1,14548992,4096,1
1773128118.506698,adaptive,/big.txt,14548992,131072,sequential,1.0000,1,14680064,4096,1
1773128118.5069494,adaptive,/big.txt,14680064,131072,sequential,1.0000,1,14811136,4096,1
1773128118.5071945,adaptive,/big.txt,14811136,131072,sequential,1.0000,1,14942208,4096,1
1773128118.5074334,adaptive,/big.txt,14942208,131072,sequential,1.0000,1,15073280,4096,1
1773128118.5076745,adaptive,/big.txt,15073280,131072,sequential,1.0000,1,15204352,4096,1
1773128118.507913,adaptive,/big.txt,15204352,131072,sequential,1.0000,1,15335424,4096,1
1773128118.5081544,adaptive,/big.txt,15335424,131072,sequential,1.0000,1,15466496,4096,1
1773128118.508394,adaptive,/big.txt,15466496,131072,sequential,1.0000,1,15597568,4096,1
1773128118.5086348,adaptive,/big.txt,15597568,131072,sequential,1.0000,1,15728640,4096,1
1773128118.5088768,adaptive,/big.txt,15728640,131072,sequential,1.0000,1,15859712,4096,1
1773128118.5091171,adaptive,/big.txt,15859712,131072,sequential,1.0000,1,15990784,4096,1
1773128118.5093584,adaptive,/big.txt,15990784,131072,sequential,1.0000,1,16121856,4096,1
1773128118.509602,adaptive,/big.txt,16121856,131072,sequential,1.0000,1,16252928,4096,1
1773128118.5098424,adaptive,/big.txt,16252928,131072,sequential,1.0000,1,16384000,4096,1
1773128118.5100842,adaptive,/big.txt,16384000,131072,sequential,1.0000,1,16515072,4096,1
1773128118.5103242,adaptive,/big.txt,16515072,131072,sequential,1.0000,1,16646144,4096,1
1773128118.510564,adaptive,/big.txt,16646144,131072,sequential,1.0000,1,16777216,4096,1
1773128118.510863,adaptive,/big.txt,16777216,131072,sequential,1.0000,1,16908288,4096,1
1773128118.511114,adaptive,/big.txt,16908288,131072,sequential,1.0000,1,17039360,4096,1
1773128118.5113318,adaptive,/big.txt,17039360,131072,sequential,1.0000,1,17170432,4096,1
1773128118.5115402,adaptive,/big.txt,17170432,131072,sequential,1.0000,1,17301504,4096,1
1773128118.5117476,adaptive,/big.txt,17301504,131072,sequential,1.0000,1,17432576,4096,1
1773128118.5119567,adaptive,/big.txt,17432576,131072,sequential,1.0000,1,17563648,4096,1
1773128118.5121624,adaptive,/big.txt,17563648,131072,sequential,1.0000,1,17694720,4096,1
1773128118.5123696,adaptive,/big.txt,17694720,131072,sequential,1.0000,1,17825792,4096,1
1773128118.5125554,adaptive,/big.txt,17825792,131072,sequential,1.0000,1,17956864,4096,1
1773128118.5127401,adaptive,/big.txt,17956864,131072,sequential,1.0000,1,18087936,4096,1
1773128118.5129306,adaptive,/big.txt,18087936,131072,sequential,1.0000,1,18219008,4096,1
1773128118.5131147,adaptive,/big.txt,18219008,131072,sequential,1.0000,1,18350080,4096,1
1773128118.5133202,adaptive,/big.txt,18350080,131072,sequential,1.0000,1,18481152,4096,1
1773128118.5135274,adaptive,/big.txt,18481152,131072,sequential,1.0000,1,18612224,4096,1
1773128118.513739,adaptive,/big.txt,18612224,131072,sequential,1.0000,1,18743296,4096,1
1773128118.513944,adaptive,/big.txt,18743296,131072,sequential,1.0000,1,18874368,4096,1
1773128118.5141501,adaptive,/big.txt,18874368,131072,sequential,1.0000,1,19005440,4096,1
1773128118.5143578,adaptive,/big.txt,19005440,131072,sequential,1.0000,1,19136512,4096,1
1773128118.5145426,adaptive,/big.txt,19136512,131072,sequential,1.0000,1,19267584,4096,1
1773128118.5147257,adaptive,/big.txt,19267584,131072,sequential,1.0000,1,19398656,4096,1
1773128118.5149171,adaptive,/big.txt,19398656,131072,sequential,1.0000,1,19529728,4096,1
1773128118.515126,adaptive,/big.txt,19529728,131072,sequential,1.0000,1,19660800,4096,1
1773128118.5153346,adaptive,/big.txt,19660800,131072,sequential,1.0000,1,19791872,4096,1
1773128118.5155425,adaptive,/big.txt,19791872,131072,sequential,1.0000,1,19922944,4096,1
1773128118.5157492,adaptive,/big.txt,19922944,131072,sequential,1.0000,1,20054016,4096,1
1773128118.5159569,adaptive,/big.txt,20054016,131072,sequential,1.0000,1,20185088,4096,1
1773128118.516164,adaptive,/big.txt,20185088,131072,sequential,1.0000,1,20316160,4096,1
1773128118.51634,adaptive,/big.txt,20316160,131072,sequential,1.0000,1,20447232,4096,1
1773128118.5164993,adaptive,/big.txt,20447232,131072,sequential,1.0000,1,20578304,4096,1
1773128118.5166795,adaptive,/big.txt,20578304,131072,sequential,1.0000,1,20709376,4096,1
1773128118.5168614,adaptive,/big.txt,20709376,131072,sequential,1.0000,1,20840448,4096,1
1773128118.5170414,adaptive,/big.txt,20840448,131072,sequential,1.0000,1,20971520,4096,1
1773128118.5172234,adaptive,/big.txt,20971520,131072,sequential,1.0000,1,21102592,4096,1
1773128118.5174053,adaptive,/big.txt,21102592,131072,sequential,1.0000,1,21233664,4096,1
1773128118.5175989,adaptive,/big.txt,21233664,131072,sequential,1.0000,1,21364736,4096,1
1773128118.5177817,adaptive,/big.txt,21364736,131072,sequential,1.0000,1,21495808,4096,1
1773128118.517964,adaptive,/big.txt,21495808,131072,sequential,1.0000,1,21626880,4096,1
1773128118.5181456,adaptive,/big.txt,21626880,131072,sequential,1.0000,1,21757952,4096,1
1773128118.518328,adaptive,/big.txt,21757952,131072,sequential,1.0000,1,21889024,4096,1
1773128118.51851,adaptive,/big.txt,21889024,131072,sequential,1.0000,1,22020096,4096,1
1773128118.5186913,adaptive,/big.txt,22020096,131072,sequential,1.0000,1,22151168,4096,1
1773128118.5188932,adaptive,/big.txt,22151168,131072,sequential,1.0000,1,22282240,4096,1
1773128118.519076,adaptive,/big.txt,22282240,131072,sequential,1.0000,1,22413312,4096,1
1773128118.519256,adaptive,/big.txt,22413312,131072,sequential,1.0000,1,22544384,4096,1
1773128118.5194366,adaptive,/big.txt,22544384,131072,sequential,1.0000,1,22675456,4096,1
1773128118.519616,adaptive,/big.txt,22675456,131072,sequential,1.0000,1,22806528,4096,1
1773128118.5197995,adaptive,/big.txt,22806528,131072,sequential,1.0000,1,22937600,4096,1
1773128118.51998,adaptive,/big.txt,22937600,131072,sequential,1.0000,1,23068672,4096,1
1773128118.52016,adaptive,/big.txt,23068672,131072,sequential,1.0000,1,23199744,4096,1
1773128118.5203404,adaptive,/big.txt,23199744,131072,sequential,1.0000,1,23330816,4096,1
1773128118.5205204,adaptive,/big.txt,23330816,131072,sequential,1.0000,1,23461888,4096,1
1773128118.5206788,adaptive,/big.txt,23461888,131072,sequential,1.0000,1,23592960,4096,1
1773128118.5208592,adaptive,/big.txt,23592960,131072,sequential,1.0000,1,23724032,4096,1
1773128118.5210388,adaptive,/big.txt,23724032,131072,sequential,1.0000,1,23855104,4096,1
1773128118.5212255,adaptive,/big.txt,23855104,131072,sequential,1.0000,1,23986176,4096,1
1773128118.5213904,adaptive,/big.txt,23986176,131072,sequential,1.0000,1,24117248,4096,1
1773128118.521561,adaptive,/big.txt,24117248,131072,sequential,1.0000,1,24248320,4096,1
1773128118.5217266,adaptive,/big.txt,24248320,131072,sequential,1.0000,1,24379392,4096,1
1773128118.5218923,adaptive,/big.txt,24379392,131072,sequential,1.0000,1,24510464,4096,1
1773128118.5220325,adaptive,/big.txt,24510464,131072,sequential,1.0000,1,24641536,4096,1
1773128118.5221722,adaptive,/big.txt,24641536,131072,sequential,1.0000,1,24772608,4096,1
1773128118.5222983,adaptive,/big.txt,24772608,131072,sequential,1.0000,1,24903680,4096,1
1773128118.5224118,adaptive,/big.txt,24903680,131072,sequential,1.0000,1,25034752,4096,1
1773128118.5225244,adaptive,/big.txt,25034752,131072,sequential,1.0000,1,25165824,4096,1
1773128118.5226367,adaptive,/big.txt,25165824,131072,sequential,1.0000,1,25296896,4096,1
1773128118.5227494,adaptive,/big.txt,25296896,131072,sequential,1.0000,1,25427968,4096,1
1773128118.5228682,adaptive,/big.txt,25427968,131072,sequential,1.0000,1,25559040,4096,1
1773128118.5229802,adaptive,/big.txt,25559040,131072,sequential,1.0000,1,25690112,4096,1
1773128118.5230923,adaptive,/big.txt,25690112,131072,sequential,1.0000,1,25821184,4096,1
1773128118.5232031,adaptive,/big.txt,25821184,131072,sequential,1.0000,1,25952256,4096,1
1773128118.523313,adaptive,/big.txt,25952256,131072,sequential,1.0000,1,26083328,4096,1
1773128118.5234237,adaptive,/big.txt,26083328,131072,sequential,1.0000,1,26214400,4096,1
1773128118.5235336,adaptive,/big.txt,26214400,131072,sequential,1.0000,1,26345472,4096,1
1773128118.523643,adaptive,/big.txt,26345472,131072,sequential,1.0000,1,26476544,4096,1
1773128118.5237522,adaptive,/big.txt,26476544,131072,sequential,1.0000,1,26607616,4096,1
1773128118.5238624,adaptive,/big.txt,26607616,131072,sequential,1.0000,1,26738688,4096,1
1773128118.5239723,adaptive,/big.txt,26738688,131072,sequential,1.0000,1,26869760,4096,1
1773128118.5240817,adaptive,/big.txt,26869760,131072,sequential,1.0000,1,27000832,4096,1
1773128118.5241919,adaptive,/big.txt,27000832,131072,sequential,1.0000,1,27131904,4096,1
1773128118.5243025,adaptive,/big.txt,27131904,131072,sequential,1.0000,1,27262976,4096,1
1773128118.5244126,adaptive,/big.txt,27262976,131072,sequential,1.0000,1,27394048,4096,1
1773128118.524522,adaptive,/big.txt,27394048,131072,sequential,1.0000,1,27525120,4096,1
1773128118.5246327,adaptive,/big.txt,27525120,131072,sequential,1.0000,1,27656192,4096,1
1773128118.5247424,adaptive,/big.txt,27656192,131072,sequential,1.0000,1,27787264,4096,1
1773128118.5248525,adaptive,/big.txt,27787264,131072,sequential,1.0000,1,27918336,4096,1
1773128118.524962,adaptive,/big.txt,27918336,131072,sequential,1.0000,1,28049408,4096,1
1773128118.525072,adaptive,/big.txt,28049408,131072,sequential,1.0000,1,28180480,4096,1
1773128118.5251825,adaptive,/big.txt,28180480,131072,sequential,1.0000,1,28311552,4096,1
1773128118.5252924,adaptive,/big.txt,28311552,131072,sequential,1.0000,1,28442624,4096,1
1773128118.5254016,adaptive,/big.txt,28442624,131072,sequential,1.0000,1,28573696,4096,1
1773128118.5255115,adaptive,/big.txt,28573696,131072,sequential,1.0000,1,28704768,4096,1
1773128118.5256221,adaptive,/big.txt,28704768,131072,sequential,1.0000,1,28835840,4096,1
1773128118.5257325,adaptive,/big.txt,28835840,131072,sequential,1.0000,1,28966912,4096,1
1773128118.5258431,adaptive,/big.txt,28966912,131072,sequential,1.0000,1,29097984,4096,1
1773128118.5259542,adaptive,/big.txt,29097984,131072,sequential,1.0000,1,29229056,4096,1
1773128118.5260644,adaptive,/big.txt,29229056,131072,sequential,1.0000,1,29360128,4096,1
1773128118.526175,adaptive,/big.txt,29360128,131072,sequential,1.0000,1,29491200,4096,1
1773128118.526287,adaptive,/big.txt,29491200,131072,sequential,1.0000,1,29622272,4096,1
1773128118.5263987,adaptive,/big.txt,29622272,131072,sequential,1.0000,1,29753344,4096,1
1773128118.5265095,adaptive,/big.txt,29753344,131072,sequential,1.0000,1,29884416,4096,1
1773128118.5266201,adaptive,/big.txt,29884416,131072,sequential,1.0000,1,30015488,4096,1
1773128118.5267305,adaptive,/big.txt,30015488,131072,sequential,1.0000,1,30146560,4096,1
1773128118.5268724,adaptive,/big.txt,30146560,131072,sequential,1.0000,1,30277632,4096,1
1773128118.526986,adaptive,/big.txt,30277632,131072,sequential,1.0000,1,30408704,4096,1
1773128118.5270967,adaptive,/big.txt,30408704,131072,sequential,1.0000,1,30539776,4096,1
1773128118.5272074,adaptive,/big.txt,30539776,131072,sequential,1.0000,1,30670848,4096,1
1773128118.527318,adaptive,/big.txt,30670848,131072,sequential,1.0000,1,30801920,4096,1
1773128118.5274289,adaptive,/big.txt,30801920,131072,sequential,1.0000,1,30932992,4096,1
1773128118.52754,adaptive,/big.txt,30932992,131072,sequential,1.0000,1,31064064,4096,1
1773128118.5276508,adaptive,/big.txt,31064064,131072,sequential,1.0000,1,31195136,4096,1
1773128118.5277612,adaptive,/big.txt,31195136,131072,sequential,1.0000,1,31326208,4096,1
1773128118.5278718,adaptive,/big.txt,31326208,131072,sequential,1.0000,1,31457280,4096,1
1773128118.5279818,adaptive,/big.txt,31457280,131072,sequential,1.0000,1,31588352,4096,1
1773128118.5280924,adaptive,/big.txt,31588352,131072,sequential,1.0000,1,31719424,4096,1
1773128118.5282023,adaptive,/big.txt,31719424,131072,sequential,1.0000,1,31850496,4096,1
1773128118.5283165,adaptive,/big.txt,31850496,131072,sequential,1.0000,1,31981568,4096,1
1773128118.5284266,adaptive,/big.txt,31981568,131072,sequential,1.0000,1,32112640,4096,1
1773128118.5285382,adaptive,/big.txt,32112640,131072,sequential,1.0000,1,32243712,4096,1
1773128118.5286481,adaptive,/big.txt,32243712,131072,sequential,1.0000,1,32374784,4096,1
1773128118.528759,adaptive,/big.txt,32374784,131072,sequential,1.0000,1,32505856,4096,1
1773128118.5288696,adaptive,/big.txt,32505856,131072,sequential,1.0000,1,32636928,4096,1
1773128118.5289805,adaptive,/big.txt,32636928,131072,sequential,1.0000,1,32768000,4096,1
1773128118.5290902,adaptive,/big.txt,32768000,131072,sequential,1.0000,1,32899072,4096,1
1773128118.5292006,adaptive,/big.txt,32899072,131072,sequential,1.0000,1,33030144,4096,1
1773128118.529311,adaptive,/big.txt,33030144,131072,sequential,1.0000,1,33161216,4096,1
1773128118.529421,adaptive,/big.txt,33161216,131072,sequential,1.0000,1,33292288,4096,1
1773128118.5295312,adaptive,/big.txt,33292288,131072,sequential,1.0000,1,33423360,4096,1
1773128118.5296419,adaptive,/big.txt,33423360,131072,sequential,1.0000,1,33554432,4096,1
1773128118.5297537,adaptive,/big.txt,33554432,131072,sequential,1.0000,1,33685504,4096,1
1773128118.529865,adaptive,/big.txt,33685504,131072,sequential,1.0000,1,33816576,4096,1
1773128118.5299757,adaptive,/big.txt,33816576,131072,sequential,1.0000,1,33947648,4096,1
1773128118.5300858,adaptive,/big.txt,33947648,131072,sequential,1.0000,1,34078720,4096,1
1773128118.530196,adaptive,/big.txt,34078720,131072,sequential,1.0000,1,34209792,4096,1
1773128118.5303066,adaptive,/big.txt,34209792,131072,sequential,1.0000,1,34340864,4096,1
1773128118.5304174,adaptive,/big.txt,34340864,131072,sequential,1.0000,1,34471936,4096,1
1773128118.530528,adaptive,/big.txt,34471936,131072,sequential,1.0000,1,34603008,4096,1
1773128118.530639,adaptive,/big.txt,34603008,131072,sequential,1.0000,1,34734080,4096,1
1773128118.5307505,adaptive,/big.txt,34734080,131072,sequential,1.0000,1,34865152,4096,1
1773128118.5308661,adaptive,/big.txt,34865152,131072,sequential,1.0000,1,34996224,4096,1
1773128118.530978,adaptive,/big.txt,34996224,131072,sequential,1.0000,1,35127296,4096,1
1773128118.531089,adaptive,/big.txt,35127296,131072,sequential,1.0000,1,35258368,4096,1
1773128118.5312014,adaptive,/big.txt,35258368,131072,sequential,1.0000,1,35389440,4096,1
1773128118.5313122,adaptive,/big.txt,35389440,131072,sequential,1.0000,1,35520512,4096,1
1773128118.5314226,adaptive,/big.txt,35520512,131072,sequential,1.0000,1,35651584,4096,1
1773128118.5315332,adaptive,/big.txt,35651584,131072,sequential,1.0000,1,35782656,4096,1
1773128118.5316446,adaptive,/big.txt,35782656,131072,sequential,1.0000,1,35913728,4096,1
1773128118.531756,adaptive,/big.txt,35913728,131072,sequential,1.0000,1,36044800,4096,1
1773128118.5318713,adaptive,/big.txt,36044800,131072,sequential,1.0000,1,36175872,4096,1
1773128118.5319824,adaptive,/big.txt,36175872,131072,sequential,1.0000,1,36306944,4096,1
1773128118.532094,adaptive,/big.txt,36306944,131072,sequential,1.0000,1,36438016,4096,1
1773128118.5322049,adaptive,/big.txt,36438016,131072,sequential,1.0000,1,36569088,4096,1
1773128118.5323162,adaptive,/big.txt,36569088,131072,sequential,1.0000,1,36700160,4096,1
1773128118.5324266,adaptive,/big.txt,36700160,131072,sequential,1.0000,1,36831232,4096,1
1773128118.532538,adaptive,/big.txt,36831232,131072,sequential,1.0000,1,36962304,4096,1
1773128118.5326486,adaptive,/big.txt,36962304,131072,sequential,1.0000,1,37093376,4096,1
1773128118.532759,adaptive,/big.txt,37093376,131072,sequential,1.0000,1,37224448,4096,1
1773128118.5328698,adaptive,/big.txt,37224448,131072,sequential,1.0000,1,37355520,4096,1
1773128118.5329819,adaptive,/big.txt,37355520,131072,sequential,1.0000,1,37486592,4096,1
1773128118.5330923,adaptive,/big.txt,37486592,131072,sequential,1.0000,1,37617664,4096,1
1773128118.5332036,adaptive,/big.txt,37617664,131072,sequential,1.0000,1,37748736,4096,1
1773128118.5333157,adaptive,/big.txt,37748736,131072,sequential,1.0000,1,37879808,4096,1
1773128118.5334268,adaptive,/big.txt,37879808,131072,sequential,1.0000,1,38010880,4096,1
1773128118.5335376,adaptive,/big.txt,38010880,131072,sequential,1.0000,1,38141952,4096,1
1773128118.5336492,adaptive,/big.txt,38141952,131072,sequential,1.0000,1,38273024,4096,1
1773128118.5337608,adaptive,/big.txt,38273024,131072,sequential,1.0000,1,38404096,4096,1
1773128118.533872,adaptive,/big.txt,38404096,131072,sequential,1.0000,1,38535168,4096,1
1773128118.533983,adaptive,/big.txt,38535168,131072,sequential,1.0000,1,38666240,4096,1
1773128118.5340948,adaptive,/big.txt,38666240,131072,sequential,1.0000,1,38797312,4096,1
1773128118.5342057,adaptive,/big.txt,38797312,131072,sequential,1.0000,1,38928384,4096,1
1773128118.534317,adaptive,/big.txt,38928384,131072,sequential,1.0000,1,39059456,4096,1
1773128118.534428,adaptive,/big.txt,39059456,131072,sequential,1.0000,1,39190528,4096,1
1773128118.53454,adaptive,/big.txt,39190528,131072,sequential,1.0000,1,39321600,4096,1
1773128118.5346525,adaptive,/big.txt,39321600,131072,sequential,1.0000,1,39452672,4096,1
1773128118.534763,adaptive,/big.txt,39452672,131072,sequential,1.0000,1,39583744,4096,1
1773128118.534908,adaptive,/big.txt,39583744,131072,sequential,1.0000,1,39714816,4096,1
1773128118.5350208,adaptive,/big.txt,39714816,131072,sequential,1.0000,1,39845888,4096,1
1773128118.5351326,adaptive,/big.txt,39845888,131072,sequential,1.0000,1,39976960,4096,1
1773128118.535245,adaptive,/big.txt,39976960,131072,sequential,1.0000,1,40108032,4096,1
1773128118.5353568,adaptive,/big.txt,40108032,131072,sequential,1.0000,1,40239104,4096,1
1773128118.5354683,adaptive,/big.txt,40239104,131072,sequential,1.0000,1,40370176,4096,1
1773128118.53558,adaptive,/big.txt,40370176,131072,sequential,1.0000,1,40501248,4096,1
1773128118.5356908,adaptive,/big.txt,40501248,131072,sequential,1.0000,1,40632320,4096,1
1773128118.5358024,adaptive,/big.txt,40632320,131072,sequential,1.0000,1,40763392,4096,1
1773128118.5359135,adaptive,/big.txt,40763392,131072,sequential,1.0000,1,40894464,4096,1
1773128118.536024,adaptive,/big.txt,40894464,131072,sequential,1.0000,1,41025536,4096,1
1773128118.5361354,adaptive,/big.txt,41025536,131072,sequential,1.0000,1,41156608,4096,1
1773128118.536247,adaptive,/big.txt,41156608,131072,sequential,1.0000,1,41287680,4096,1
1773128118.5363588,adaptive,/big.txt,41287680,131072,sequential,1.0000,1,41418752,4096,1
1773128118.5364702,adaptive,/big.txt,41418752,131072,sequential,1.0000,1,41549824,4096,1
1773128118.536581,adaptive,/big.txt,41549824,131072,sequential,1.0000,1,41680896,4096,1
1773128118.536692,adaptive,/big.txt,41680896,131072,sequential,1.0000,1,41811968,4096,1
1773128118.536803,adaptive,/big.txt,41811968,131072,sequential,1.0000,1,41943040,4096,1
1773128118.5369143,adaptive,/big.txt,41943040,131072,sequential,1.0000,1,42074112,4096,1
1773128118.5370307,adaptive,/big.txt,42074112,131072,sequential,1.0000,1,42205184,4096,1
1773128118.537142,adaptive,/big.txt,42205184,131072,sequential,1.0000,1,42336256,4096,1
1773128118.5372543,adaptive,/big.txt,42336256,131072,sequential,1.0000,1,42467328,4096,1
1773128118.5373707,adaptive,/big.txt,42467328,131072,sequential,1.0000,1,42598400,4096,1
1773128118.5374818,adaptive,/big.txt,42598400,131072,sequential,1.0000,1,42729472,4096,1
1773128118.5375924,adaptive,/big.txt,42729472,131072,sequential,1.0000,1,42860544,4096,1
1773128118.5377042,adaptive,/big.txt,42860544,131072,sequential,1.0000,1,42991616,4096,1
1773128118.5378156,adaptive,/big.txt,42991616,131072,sequential,1.0000,1,43122688,4096,1
1773128118.5379272,adaptive,/big.txt,43122688,131072,sequential,1.0000,1,43253760,4096,1
1773128118.538039,adaptive,/big.txt,43253760,131072,sequential,1.0000,1,43384832,4096,1
1773128118.5381503,adaptive,/big.txt,43384832,131072,sequential,1.0000,1,43515904,4096,1
1773128118.5382624,adaptive,/big.txt,43515904,131072,sequential,1.0000,1,43646976,4096,1
1773128118.5383735,adaptive,/big.txt,43646976,131072,sequential,1.0000,1,43778048,4096,1
1773128118.538485,adaptive,/big.txt,43778048,131072,sequential,1.0000,1,43909120,4096,1
1773128118.5385966,adaptive,/big.txt,43909120,131072,sequential,1.0000,1,44040192,4096,1
1773128118.538708,adaptive,/big.txt,44040192,131072,sequential,1.0000,1,44171264,4096,1
1773128118.5388262,adaptive,/big.txt,44171264,131072,sequential,1.0000,1,44302336,4096,1
1773128118.538939,adaptive,/big.txt,44302336,131072,sequential,1.0000,1,44433408,4096,1
1773128118.5390515,adaptive,/big.txt,44433408,131072,sequential,1.0000,1,44564480,4096,1
1773128118.5391638,adaptive,/big.txt,44564480,131072,sequential,1.0000,1,44695552,4096,1
1773128118.5392764,adaptive,/big.txt,44695552,131072,sequential,1.0000,1,44826624,4096,1
1773128118.539388,adaptive,/big.txt,44826624,131072,sequential,1.0000,1,44957696,4096,1
1773128118.5395002,adaptive,/big.txt,44957696,131072,sequential,1.0000,1,45088768,4096,1
1773128118.5396125,adaptive,/big.txt,45088768,131072,sequential,1.0000,1,45219840,4096,1
1773128118.5397243,adaptive,/big.txt,45219840,131072,sequential,1.0000,1,45350912,4096,1
1773128118.539837,adaptive,/big.txt,45350912,131072,sequential,1.0000,1,45481984,4096,1
1773128118.5399487,adaptive,/big.txt,45481984,131072,sequential,1.0000,1,45613056,4096,1
1773128118.54006,adaptive,/big.txt,45613056,131072,sequential,1.0000,1,45744128,4096,1
1773128118.5401728,adaptive,/big.txt,45744128,131072,sequential,1.0000,1,45875200,4096,1
1773128118.540285,adaptive,/big.txt,45875200,131072,sequential,1.0000,1,46006272,4096,1
1773128118.5403965,adaptive,/big.txt,46006272,131072,sequential,1.0000,1,46137344,4096,1
1773128118.5405102,adaptive,/big.txt,46137344,131072,sequential,1.0000,1,46268416,4096,1
1773128118.5406232,adaptive,/big.txt,46268416,131072,sequential,1.0000,1,46399488,4096,1
1773128118.5407352,adaptive,/big.txt,46399488,131072,sequential,1.0000,1,46530560,4096,1
1773128118.5408468,adaptive,/big.txt,46530560,131072,sequential,1.0000,1,46661632,4096,1
1773128118.5409582,adaptive,/big.txt,46661632,131072,sequential,1.0000,1,46792704,4096,1
1773128118.5410697,adaptive,/big.txt,46792704,131072,sequential,1.0000,1,46923776,4096,1
1773128118.541181,adaptive,/big.txt,46923776,131072,sequential,1.0000,1,47054848,4096,1
1773128118.5412934,adaptive,/big.txt,47054848,131072,sequential,1.0000,1,47185920,4096,1
1773128118.5414052,adaptive,/big.txt,47185920,131072,sequential,1.0000,1,47316992,4096,1
1773128118.541517,adaptive,/big.txt,47316992,131072,sequential,1.0000,1,47448064,4096,1
1773128118.5416298,adaptive,/big.txt,47448064,131072,sequential,1.0000,1,47579136,4096,1
1773128118.5417423,adaptive,/big.txt,47579136,131072,sequential,1.0000,1,47710208,4096,1
1773128118.5418556,adaptive,/big.txt,47710208,131072,sequential,1.0000,1,47841280,4096,1
1773128118.5419676,adaptive,/big.txt,47841280,131072,sequential,1.0000,1,47972352,4096,1
1773128118.5420809,adaptive,/big.txt,47972352,131072,sequential,1.0000,1,48103424,4096,1
1773128118.5421968,adaptive,/big.txt,48103424,131072,sequential,1.0000,1,48234496,4096,1
1773128118.5423093,adaptive,/big.txt,48234496,131072,sequential,1.0000,1,48365568,4096,1
1773128118.5424216,adaptive,/big.txt,48365568,131072,sequential,1.0000,1,48496640,4096,1
1773128118.5425339,adaptive,/big.txt,48496640,131072,sequential,1.0000,1,48627712,4096,1
1773128118.542646,adaptive,/big.txt,48627712,131072,sequential,1.0000,1,48758784,4096,1
1773128118.5427577,adaptive,/big.txt,48758784,131072,sequential,1.0000,1,48889856,4096,1
1773128118.5428944,adaptive,/big.txt,48889856,131072,sequential,1.0000,1,49020928,4096,1
1773128118.5430086,adaptive,/big.txt,49020928,131072,sequential,1.0000,1,49152000,4096,1
1773128118.5431213,adaptive,/big.txt,49152000,131072,sequential,1.0000,1,49283072,4096,1
1773128118.543234,adaptive,/big.txt,49283072,131072,sequential,1.0000,1,49414144,4096,1
1773128118.5433452,adaptive,/big.txt,49414144,131072,sequential,1.0000,1,49545216,4096,1
1773128118.5434573,adaptive,/big.txt,49545216,131072,sequential,1.0000,1,49676288,4096,1
1773128118.5435693,adaptive,/big.txt,49676288,131072,sequential,1.0000,1,49807360,4096,1
1773128118.5436814,adaptive,/big.txt,49807360,131072,sequential,1.0000,1,49938432,4096,1
1773128118.5437942,adaptive,/big.txt,49938432,131072,sequential,1.0000,1,50069504,4096,1
1773128118.5439065,adaptive,/big.txt,50069504,131072,sequential,1.0000,1,50200576,4096,1
1773128118.5440185,adaptive,/big.txt,50200576,131072,sequential,1.0000,1,50331648,4096,1
1773128118.5441315,adaptive,/big.txt,50331648,131072,sequential,1.0000,1,50462720,4096,1
1773128118.544244,adaptive,/big.txt,50462720,131072,sequential,1.0000,1,50593792,4096,1
1773128118.5443563,adaptive,/big.txt,50593792,131072,sequential,1.0000,1,50724864,4096,1
1773128118.5444694,adaptive,/big.txt,50724864,131072,sequential,1.0000,1,50855936,4096,1
1773128118.5445814,adaptive,/big.txt,50855936,131072,sequential,1.0000,1,50987008,4096,1
1773128118.5446942,adaptive,/big.txt,50987008,131072,sequential,1.0000,1,51118080,4096,1
1773128118.5448072,adaptive,/big.txt,51118080,131072,sequential,1.0000,1,51249152,4096,1
1773128118.5449195,adaptive,/big.txt,51249152,131072,sequential,1.0000,1,51380224,4096,1
1773128118.5450308,adaptive,/big.txt,51380224,131072,sequential,1.0000,1,51511296,4096,1
1773128118.5451422,adaptive,/big.txt,51511296,131072,sequential,1.0000,1,51642368,4096,1
1773128118.5452542,adaptive,/big.txt,51642368,131072,sequential,1.0000,1,51773440,4096,1
1773128118.5453687,adaptive,/big.txt,51773440,131072,sequential,1.0000,1,51904512,4096,1
1773128118.5454834,adaptive,/big.txt,51904512,131072,sequential,1.0000,1,52035584,4096,1
1773128118.5455964,adaptive,/big.txt,52035584,131072,sequential,1.0000,1,52166656,4096,1
1773128118.5457082,adaptive,/big.txt,52166656,131072,sequential,1.0000,1,52297728,4096,1
1773128118.5458207,adaptive,/big.txt,52297728,131072,sequential,1.0000,1,52428800,4096,1
1773128118.5459332,adaptive,/big.txt,52428800,131072,sequential,1.0000,1,52559872,4096,1
1773128118.5460458,adaptive,/big.txt,52559872,131072,sequential,1.0000,1,52690944,4096,1
1773128118.5461583,adaptive,/big.txt,52690944,131072,sequential,1.0000,1,52822016,4096,1
1773128118.5462713,adaptive,/big.txt,52822016,131072,sequential,1.0000,1,52953088,4096,1
1773128118.5463831,adaptive,/big.txt,52953088,131072,sequential,1.0000,1,53084160,4096,1
1773128118.5464993,adaptive,/big.txt,53084160,131072,sequential,1.0000,1,53215232,4096,1
1773128118.546612,adaptive,/big.txt,53215232,131072,sequential,1.0000,1,53346304,4096,1
1773128118.5467243,adaptive,/big.txt,53346304,131072,sequential,1.0000,1,53477376,4096,1
1773128118.5468416,adaptive,/big.txt,53477376,131072,sequential,1.0000,1,53608448,4096,1
1773128118.546956,adaptive,/big.txt,53608448,131072,sequential,1.0000,1,53739520,4096,1
1773128118.5470676,adaptive,/big.txt,53739520,131072,sequential,1.0000,1,53870592,4096,1
1773128118.54718,adaptive,/big.txt,53870592,131072,sequential,1.0000,1,54001664,4096,1
1773128118.5472968,adaptive,/big.txt,54001664,131072,sequential,1.0000,1,54132736,4096,1
1773128118.5474112,adaptive,/big.txt,54132736,131072,sequential,1.0000,1,54263808,4096,1
1773128118.5475245,adaptive,/big.txt,54263808,131072,sequential,1.0000,1,54394880,4096,1
1773128118.5476375,adaptive,/big.txt,54394880,131072,sequential,1.0000,1,54525952,4096,1
1773128118.5477514,adaptive,/big.txt,54525952,131072,sequential,1.0000,1,54657024,4096,1
1773128118.5478654,adaptive,/big.txt,54657024,131072,sequential,1.0000,1,54788096,4096,1
1773128118.5479782,adaptive,/big.txt,54788096,131072,sequential,1.0000,1,54919168,4096,1
1773128118.5480914,adaptive,/big.txt,54919168,131072,sequential,1.0000,1,55050240,4096,1
1773128118.5482037,adaptive,/big.txt,55050240,131072,sequential,1.0000,1,55181312,4096,1
1773128118.5483162,adaptive,/big.txt,55181312,131072,sequential,1.0000,1,55312384,4096,1
1773128118.5484283,adaptive,/big.txt,55312384,131072,sequential,1.0000,1,55443456,4096,1
1773128118.5485415,adaptive,/big.txt,55443456,131072,sequential,1.0000,1,55574528,4096,1
1773128118.5486538,adaptive,/big.txt,55574528,131072,sequential,1.0000,1,55705600,4096,1
1773128118.5487664,adaptive,/big.txt,55705600,131072,sequential,1.0000,1,55836672,4096,1
1773128118.5488794,adaptive,/big.txt,55836672,131072,sequential,1.0000,1,55967744,4096,1
1773128118.548992,adaptive,/big.txt,55967744,131072,sequential,1.0000,1,56098816,4096,1
1773128118.5491045,adaptive,/big.txt,56098816,131072,sequential,1.0000,1,56229888,4096,1
1773128118.549217,adaptive,/big.txt,56229888,131072,sequential,1.0000,1,56360960,4096,1
1773128118.5493286,adaptive,/big.txt,56360960,131072,sequential,1.0000,1,56492032,4096,1
1773128118.5494416,adaptive,/big.txt,56492032,131072,sequential,1.0000,1,56623104,4096,1
1773128118.5495534,adaptive,/big.txt,56623104,131072,sequential,1.0000,1,56754176,4096,1
1773128118.5496657,adaptive,/big.txt,56754176,131072,sequential,1.0000,1,56885248,4096,1
1773128118.549778,adaptive,/big.txt,56885248,131072,sequential,1.0000,1,57016320,4096,1
1773128118.5498908,adaptive,/big.txt,57016320,131072,sequential,1.0000,1,57147392,4096,1
1773128118.5500033,adaptive,/big.txt,57147392,131072,sequential,1.0000,1,57278464,4096,1
1773128118.550117,adaptive,/big.txt,57278464,131072,sequential,1.0000,1,57409536,4096,1
1773128118.5502298,adaptive,/big.txt,57409536,131072,sequential,1.0000,1,57540608,4096,1
1773128118.5503438,adaptive,/big.txt,57540608,131072,sequential,1.0000,1,57671680,4096,1
1773128118.5504563,adaptive,/big.txt,57671680,131072,sequential,1.0000,1,57802752,4096,1
1773128118.5505683,adaptive,/big.txt,57802752,131072,sequential,1.0000,1,57933824,4096,1
1773128118.5506804,adaptive,/big.txt,57933824,131072,sequential,1.0000,1,58064896,4096,1
1773128118.5508308,adaptive,/big.txt,58064896,131072,sequential,1.0000,1,58195968,4096,1
1773128118.5509467,adaptive,/big.txt,58195968,131072,sequential,1.0000,1,58327040,4096,1
1773128118.55106,adaptive,/big.txt,58327040,131072,sequential,1.0000,1,58458112,4096,1
1773128118.5511737,adaptive,/big.txt,58458112,131072,sequential,1.0000,1,58589184,4096,1
1773128118.551287,adaptive,/big.txt,58589184,131072,sequential,1.0000,1,58720256,4096,1
1773128118.5514,adaptive,/big.txt,58720256,131072,sequential,1.0000,1,58851328,4096,1
1773128118.5515125,adaptive,/big.txt,58851328,131072,sequential,1.0000,1,58982400,4096,1
1773128118.5516255,adaptive,/big.txt,58982400,131072,sequential,1.0000,1,59113472,4096,1
1773128118.5517387,adaptive,/big.txt,59113472,131072,sequential,1.0000,1,59244544,4096,1
1773128118.5518525,adaptive,/big.txt,59244544,131072,sequential,1.0000,1,59375616,4096,1
1773128118.5519648,adaptive,/big.txt,59375616,131072,sequential,1.0000,1,59506688,4096,1
1773128118.5520773,adaptive,/big.txt,59506688,131072,sequential,1.0000,1,59637760,4096,1
1773128118.5521915,adaptive,/big.txt,59637760,131072,sequential,1.0000,1,59768832,4096,1
1773128118.5523038,adaptive,/big.txt,59768832,131072,sequential,1.0000,1,59899904,4096,1
1773128118.5524166,adaptive,/big.txt,59899904,131072,sequential,1.0000,1,60030976,4096,1
1773128118.5525346,adaptive,/big.txt,60030976,131072,sequential,1.0000,1,60162048,4096,1
1773128118.5526474,adaptive,/big.txt,60162048,131072,sequential,1.0000,1,60293120,4096,1
1773128118.55276,adaptive,/big.txt,60293120,131072,sequential,1.0000,1,60424192,4096,1
1773128118.5528727,adaptive,/big.txt,60424192,131072,sequential,1.0000,1,60555264,4096,1
1773128118.552986,adaptive,/big.txt,60555264,131072,sequential,1.0000,1,60686336,4096,1
1773128118.5530987,adaptive,/big.txt,60686336,131072,sequential,1.0000,1,60817408,4096,1
1773128118.5532124,adaptive,/big.txt,60817408,131072,sequential,1.0000,1,60948480,4096,1
1773128118.5533257,adaptive,/big.txt,60948480,131072,sequential,1.0000,1,61079552,4096,1
1773128118.5534384,adaptive,/big.txt,61079552,131072,sequential,1.0000,1,61210624,4096,1
1773128118.553552,adaptive,/big.txt,61210624,131072,sequential,1.0000,1,61341696,4096,1
1773128118.5536647,adaptive,/big.txt,61341696,131072,sequential,1.0000,1,61472768,4096,1
1773128118.5537767,adaptive,/big.txt,61472768,131072,sequential,1.0000,1,61603840,4096,1
1773128118.5538883,adaptive,/big.txt,61603840,131072,sequential,1.0000,1,61734912,4096,1
1773128118.5540018,adaptive,/big.txt,61734912,131072,sequential,1.0000,1,61865984,4096,1
1773128118.5541158,adaptive,/big.txt,61865984,131072,sequential,1.0000,1,61997056,4096,1
1773128118.554229,adaptive,/big.txt,61997056,131072,sequential,1.0000,1,62128128,4096,1
1773128118.5543418,adaptive,/big.txt,62128128,131072,sequential,1.0000,1,62259200,4096,1
1773128118.5544543,adaptive,/big.txt,62259200,131072,sequential,1.0000,1,62390272,4096,1
1773128118.5545673,adaptive,/big.txt,62390272,131072,sequential,1.0000,1,62521344,4096,1
1773128118.5546803,adaptive,/big.txt,62521344,131072,sequential,1.0000,1,62652416,4096,1
1773128118.5547974,adaptive,/big.txt,62652416,131072,sequential,1.0000,1,62783488,4096,1
1773128118.5549133,adaptive,/big.txt,62783488,131072,sequential,1.0000,1,62914560,4096,1
1773128118.5550265,adaptive,/big.txt,62914560,131072,sequential,1.0000,1,63045632,4096,1
1773128118.5551403,adaptive,/big.txt,63045632,131072,sequential,1.0000,1,63176704,4096,1
1773128118.5552535,adaptive,/big.txt,63176704,131072,sequential,1.0000,1,63307776,4096,1
1773128118.555366,adaptive,/big.txt,63307776,131072,sequential,1.0000,1,63438848,4096,1
1773128118.5554786,adaptive,/big.txt,63438848,131072,sequential,1.0000,1,63569920,4096,1
1773128118.5555959,adaptive,/big.txt,63569920,131072,sequential,1.0000,1,63700992,4096,1
1773128118.555709,adaptive,/big.txt,63700992,131072,sequential,1.0000,1,63832064,4096,1
1773128118.555822,adaptive,/big.txt,63832064,131072,sequential,1.0000,1,63963136,4096,1
1773128118.5559347,adaptive,/big.txt,63963136,131072,sequential,1.0000,1,64094208,4096,1
1773128118.5560474,adaptive,/big.txt,64094208,131072,sequential,1.0000,1,64225280,4096,1
1773128118.5561612,adaptive,/big.txt,64225280,131072,sequential,1.0000,1,64356352,4096,1
1773128118.5562742,adaptive,/big.txt,64356352,131072,sequential,1.0000,1,64487424,4096,1
1773128118.5563867,adaptive,/big.txt,64487424,131072,sequential,1.0000,1,64618496,4096,1
1773128118.5564995,adaptive,/big.txt,64618496,131072,sequential,1.0000,1,64749568,4096,1
1773128118.5566123,adaptive,/big.txt,64749568,131072,sequential,1.0000,1,64880640,4096,1
1773128118.556725,adaptive,/big.txt,64880640,131072,sequential,1.0000,1,65011712,4096,1
1773128118.5568378,adaptive,/big.txt,65011712,131072,sequential,1.0000,1,65142784,4096,1
1773128118.5569508,adaptive,/big.txt,65142784,131072,sequential,1.0000,1,65273856,4096,1
1773128118.5570633,adaptive,/big.txt,65273856,131072,sequential,1.0000,1,65404928,4096,1
1773128118.5571766,adaptive,/big.txt,65404928,131072,sequential,1.0000,1,65536000,4096,1
1773128118.5572903,adaptive,/big.txt,65536000,131072,sequential,1.0000,1,65667072,4096,1
1773128118.5574024,adaptive,/big.txt,65667072,131072,sequential,1.0000,1,65798144,4096,1
1773128118.557515,adaptive,/big.txt,65798144,131072,sequential,1.0000,1,65929216,4096,1
1773128118.557633,adaptive,/big.txt,65929216,131072,sequential,1.0000,1,66060288,4096,1
1773128118.5577462,adaptive,/big.txt,66060288,131072,sequential,1.0000,1,66191360,4096,1
1773128118.5578592,adaptive,/big.txt,66191360,131072,sequential,1.0000,1,66322432,4096,1
1773128118.557972,adaptive,/big.txt,66322432,131072,sequential,1.0000,1,66453504,4096,1
1773128118.5580852,adaptive,/big.txt,66453504,131072,sequential,1.0000,1,66584576,4096,1
1773128118.558198,adaptive,/big.txt,66584576,131072,sequential,1.0000,1,66715648,4096,1
1773128118.5583117,adaptive,/big.txt,66715648,131072,sequential,1.0000,1,66846720,4096,1
1773128118.558425,adaptive,/big.txt,66846720,131072,sequential,1.0000,1,66977792,4096,1
1773128118.5585377,adaptive,/big.txt,66977792,131072,sequential,1.0000,1,67108864,4096,1
1773128118.5586507,adaptive,/big.txt,67108864,131072,sequential,1.0000,1,67239936,4096,1
1773128118.5587635,adaptive,/big.txt,67239936,131072,sequential,1.0000,1,67371008,4096,1
1773128118.5589137,adaptive,/big.txt,67371008,131072,sequential,1.0000,1,67502080,4096,1
1773128118.5590281,adaptive,/big.txt,67502080,131072,sequential,1.0000,1,67633152,4096,1
1773128118.5591416,adaptive,/big.txt,67633152,131072,sequential,1.0000,1,67764224,4096,1
1773128118.559255,adaptive,/big.txt,67764224,131072,sequential,1.0000,1,67895296,4096,1
1773128118.559368,adaptive,/big.txt,67895296,131072,sequential,1.0000,1,68026368,4096,1
1773128118.559481,adaptive,/big.txt,68026368,131072,sequential,1.0000,1,68157440,4096,1
1773128118.5595944,adaptive,/big.txt,68157440,131072,sequential,1.0000,1,68288512,4096,1
1773128118.5597086,adaptive,/big.txt,68288512,131072,sequential,1.0000,1,68419584,4096,1
1773128118.5598223,adaptive,/big.txt,68419584,131072,sequential,1.0000,1,68550656,4096,1
1773128118.5599358,adaptive,/big.txt,68550656,131072,sequential,1.0000,1,68681728,4096,1
1773128118.5600493,adaptive,/big.txt,68681728,131072,sequential,1.0000,1,68812800,4096,1
1773128118.5601625,adaptive,/big.txt,68812800,131072,sequential,1.0000,1,68943872,4096,1
1773128118.560276,adaptive,/big.txt,68943872,131072,sequential,1.0000,1,69074944,4096,1
1773128118.5603893,adaptive,/big.txt,69074944,131072,sequential,1.0000,1,69206016,4096,1
1773128118.5605018,adaptive,/big.txt,69206016,131072,sequential,1.0000,1,69337088,4096,1
1773128118.560615,adaptive,/big.txt,69337088,131072,sequential,1.0000,1,69468160,4096,1
1773128118.5607285,adaptive,/big.txt,69468160,131072,sequential,1.0000,1,69599232,4096,1
1773128118.5608418,adaptive,/big.txt,69599232,131072,sequential,1.0000,1,69730304,4096,1
1773128118.560956,adaptive,/big.txt,69730304,131072,sequential,1.0000,1,69861376,4096,1
1773128118.5610693,adaptive,/big.txt,69861376,131072,sequential,1.0000,1,69992448,4096,1
1773128118.5611825,adaptive,/big.txt,69992448,131072,sequential,1.0000,1,70123520,4096,1
1773128118.5612962,adaptive,/big.txt,70123520,131072,sequential,1.0000,1,70254592,4096,1
1773128118.5614092,adaptive,/big.txt,70254592,131072,sequential,1.0000,1,70385664,4096,1
1773128118.561522,adaptive,/big.txt,70385664,131072,sequential,1.0000,1,70516736,4096,1
1773128118.5616357,adaptive,/big.txt,70516736,131072,sequential,1.0000,1,70647808,4096,1
1773128118.5617492,adaptive,/big.txt,70647808,131072,sequential,1.0000,1,70778880,4096,1
1773128118.561863,adaptive,/big.txt,70778880,131072,sequential,1.0000,1,70909952,4096,1
1773128118.5619757,adaptive,/big.txt,70909952,131072,sequential,1.0000,1,71041024,4096,1
1773128118.5620887,adaptive,/big.txt,71041024,131072,sequential,1.0000,1,71172096,4096,1
1773128118.5622015,adaptive,/big.txt,71172096,131072,sequential,1.0000,1,71303168,4096,1
1773128118.5623152,adaptive,/big.txt,71303168,131072,sequential,1.0000,1,71434240,4096,1
1773128118.5624287,adaptive,/big.txt,71434240,131072,sequential,1.0000,1,71565312,4096,1
1773128118.5625412,adaptive,/big.txt,71565312,131072,sequential,1.0000,1,71696384,4096,1
1773128118.562654,adaptive,/big.txt,71696384,131072,sequential,1.0000,1,71827456,4096,1
1773128118.5627668,adaptive,/big.txt,71827456,131072,sequential,1.0000,1,71958528,4096,1
1773128118.562891,adaptive,/big.txt,71958528,131072,sequential,1.0000,1,72089600,4096,1
1773128118.5630045,adaptive,/big.txt,72089600,131072,sequential,1.0000,1,72220672,4096,1
1773128118.5631187,adaptive,/big.txt,72220672,131072,sequential,1.0000,1,72351744,4096,1
1773128118.5632324,adaptive,/big.txt,72351744,131072,sequential,1.0000,1,72482816,4096,1
1773128118.563346,adaptive,/big.txt,72482816,131072,sequential,1.0000,1,72613888,4096,1
1773128118.5634594,adaptive,/big.txt,72613888,131072,sequential,1.0000,1,72744960,4096,1
1773128118.5635738,adaptive,/big.txt,72744960,131072,sequential,1.0000,1,72876032,4096,1
1773128118.563688,adaptive,/big.txt,72876032,131072,sequential,1.0000,1,73007104,4096,1
1773128118.5638013,adaptive,/big.txt,73007104,131072,sequential,1.0000,1,73138176,4096,1
1773128118.5639145,adaptive,/big.txt,73138176,131072,sequential,1.0000,1,73269248,4096,1
1773128118.5640285,adaptive,/big.txt,73269248,131072,sequential,1.0000,1,73400320,4096,1
1773128118.5641418,adaptive,/big.txt,73400320,131072,sequential,1.0000,1,73531392,4096,1
1773128118.5642557,adaptive,/big.txt,73531392,131072,sequential,1.0000,1,73662464,4096,1
1773128118.5643694,adaptive,/big.txt,73662464,131072,sequential,1.0000,1,73793536,4096,1
1773128118.5644834,adaptive,/big.txt,73793536,131072,sequential,1.0000,1,73924608,4096,1
1773128118.5645964,adaptive,/big.txt,73924608,131072,sequential,1.0000,1,74055680,4096,1
1773128118.5647125,adaptive,/big.txt,74055680,131072,sequential,1.0000,1,74186752,4096,1
1773128118.564831,adaptive,/big.txt,74186752,131072,sequential,1.0000,1,74317824,4096,1
1773128118.564946,adaptive,/big.txt,74317824,131072,sequential,1.0000,1,74448896,4096,1
1773128118.5650594,adaptive,/big.txt,74448896,131072,sequential,1.0000,1,74579968,4096,1
1773128118.5651743,adaptive,/big.txt,74579968,131072,sequential,1.0000,1,74711040,4096,1
1773128118.5652988,adaptive,/big.txt,74711040,131072,sequential,1.0000,1,74842112,4096,1
1773128118.5654144,adaptive,/big.txt,74842112,131072,sequential,1.0000,1,74973184,4096,1
1773128118.5655296,adaptive,/big.txt,74973184,131072,sequential,1.0000,1,75104256,4096,1
1773128118.5656438,adaptive,/big.txt,75104256,131072,sequential,1.0000,1,75235328,4096,1
1773128118.5657578,adaptive,/big.txt,75235328,131072,sequential,1.0000,1,75366400,4096,1
1773128118.565871,adaptive,/big.txt,75366400,131072,sequential,1.0000,1,75497472,4096,1
1773128118.5659845,adaptive,/big.txt,75497472,131072,sequential,1.0000,1,75628544,4096,1
1773128118.566098,adaptive,/big.txt,75628544,131072,sequential,1.0000,1,75759616,4096,1
1773128118.566212,adaptive,/big.txt,75759616,131072,sequential,1.0000,1,75890688,4096,1
1773128118.566326,adaptive,/big.txt,75890688,131072,sequential,1.0000,1,76021760,4096,1
1773128118.56644,adaptive,/big.txt,76021760,131072,sequential,1.0000,1,76152832,4096,1
1773128118.5665545,adaptive,/big.txt,76152832,131072,sequential,1.0000,1,76283904,4096,1
1773128118.566669,adaptive,/big.txt,76283904,131072,sequential,1.0000,1,76414976,4096,1
1773128118.5668194,adaptive,/big.txt,76414976,131072,sequential,1.0000,1,76546048,4096,1
1773128118.5669374,adaptive,/big.txt,76546048,131072,sequential,1.0000,1,76677120,4096,1
1773128118.5670524,adaptive,/big.txt,76677120,131072,sequential,1.0000,1,76808192,4096,1
1773128118.567167,adaptive,/big.txt,76808192,131072,sequential,1.0000,1,76939264,4096,1
1773128118.567282,adaptive,/big.txt,76939264,131072,sequential,1.0000,1,77070336,4096,1
1773128118.567396,adaptive,/big.txt,77070336,131072,sequential,1.0000,1,77201408,4096,1
1773128118.5675101,adaptive,/big.txt,77201408,131072,sequential,1.0000,1,77332480,4096,1
1773128118.5676234,adaptive,/big.txt,77332480,131072,sequential,1.0000,1,77463552,4096,1
1773128118.567737,adaptive,/big.txt,77463552,131072,sequential,1.0000,1,77594624,4096,1
1773128118.5678508,adaptive,/big.txt,77594624,131072,sequential,1.0000,1,77725696,4096,1
1773128118.5679643,adaptive,/big.txt,77725696,131072,sequential,1.0000,1,77856768,4096,1
1773128118.5680783,adaptive,/big.txt,77856768,131072,sequential,1.0000,1,77987840,4096,1
1773128118.568198,adaptive,/big.txt,77987840,131072,sequential,1.0000,1,78118912,4096,1
1773128118.5683126,adaptive,/big.txt,78118912,131072,sequential,1.0000,1,78249984,4096,1
1773128118.5684276,adaptive,/big.txt,78249984,131072,sequential,1.0000,1,78381056,4096,1
1773128118.5685418,adaptive,/big.txt,78381056,131072,sequential,1.0000,1,78512128,4096,1
1773128118.5686553,adaptive,/big.txt,78512128,131072,sequential,1.0000,1,78643200,4096,1
1773128118.5687695,adaptive,/big.txt,78643200,131072,sequential,1.0000,1,78774272,4096,1
1773128118.5688832,adaptive,/big.txt,78774272,131072,sequential,1.0000,1,78905344,4096,1
1773128118.568997,adaptive,/big.txt,78905344,131072,sequential,1.0000,1,79036416,4096,1
1773128118.5691118,adaptive,/big.txt,79036416,131072,sequential,1.0000,1,79167488,4096,1
1773128118.5692265,adaptive,/big.txt,79167488,131072,sequential,1.0000,1,79298560,4096,1
1773128118.5693414,adaptive,/big.txt,79298560,131072,sequential,1.0000,1,79429632,4096,1
1773128118.5694556,adaptive,/big.txt,79429632,131072,sequential,1.0000,1,79560704,4096,1
1773128118.5695698,adaptive,/big.txt,79560704,131072,sequential,1.0000,1,79691776,4096,1
1773128118.5696838,adaptive,/big.txt,79691776,131072,sequential,1.0000,1,79822848,4096,1
1773128118.5697982,adaptive,/big.txt,79822848,131072,sequential,1.0000,1,79953920,4096,1
1773128118.5699115,adaptive,/big.txt,79953920,131072,sequential,1.0000,1,80084992,4096,1
1773128118.5700254,adaptive,/big.txt,80084992,131072,sequential,1.0000,1,80216064,4096,1
1773128118.5701396,adaptive,/big.txt,80216064,131072,sequential,1.0000,1,80347136,4096,1
1773128118.5702538,adaptive,/big.txt,80347136,131072,sequential,1.0000,1,80478208,4096,1
1773128118.5703685,adaptive,/big.txt,80478208,131072,sequential,1.0000,1,80609280,4096,1
1773128118.5704832,adaptive,/big.txt,80609280,131072,sequential,1.0000,1,80740352,4096,1
1773128118.5705981,adaptive,/big.txt,80740352,131072,sequential,1.0000,1,80871424,4096,1
1773128118.5707126,adaptive,/big.txt,80871424,131072,sequential,1.0000,1,81002496,4096,1
1773128118.5708325,adaptive,/big.txt,81002496,131072,sequential,1.0000,1,81133568,4096,1
1773128118.5709474,adaptive,/big.txt,81133568,131072,sequential,1.0000,1,81264640,4096,1
1773128118.5710618,adaptive,/big.txt,81264640,131072,sequential,1.0000,1,81395712,4096,1
1773128118.571176,adaptive,/big.txt,81395712,131072,sequential,1.0000,1,81526784,4096,1
1773128118.5712898,adaptive,/big.txt,81526784,131072,sequential,1.0000,1,81657856,4096,1
1773128118.5714033,adaptive,/big.txt,81657856,131072,sequential,1.0000,1,81788928,4096,1
1773128118.571517,adaptive,/big.txt,81788928,131072,sequential,1.0000,1,81920000,4096,1
1773128118.5716312,adaptive,/big.txt,81920000,131072,sequential,1.0000,1,82051072,4096,1
1773128118.5717454,adaptive,/big.txt,82051072,131072,sequential,1.0000,1,82182144,4096,1
1773128118.5718608,adaptive,/big.txt,82182144,131072,sequential,1.0000,1,82313216,4096,1
1773128118.5719752,adaptive,/big.txt,82313216,131072,sequential,1.0000,1,82444288,4096,1
1773128118.5720885,adaptive,/big.txt,82444288,131072,sequential,1.0000,1,82575360,4096,1
1773128118.5722027,adaptive,/big.txt,82575360,131072,sequential,1.0000,1,82706432,4096,1
1773128118.572317,adaptive,/big.txt,82706432,131072,sequential,1.0000,1,82837504,4096,1
1773128118.5724306,adaptive,/big.txt,82837504,131072,sequential,1.0000,1,82968576,4096,1
1773128118.5725446,adaptive,/big.txt,82968576,131072,sequential,1.0000,1,83099648,4096,1
1773128118.5726588,adaptive,/big.txt,83099648,131072,sequential,1.0000,1,83230720,4096,1
1773128118.5727735,adaptive,/big.txt,83230720,131072,sequential,1.0000,1,83361792,4096,1
1773128118.5728872,adaptive,/big.txt,83361792,131072,sequential,1.0000,1,83492864,4096,1
1773128118.5730007,adaptive,/big.txt,83492864,131072,sequential,1.0000,1,83623936,4096,1
1773128118.5731146,adaptive,/big.txt,83623936,131072,sequential,1.0000,1,83755008,4096,1
1773128118.573228,adaptive,/big.txt,83755008,131072,sequential,1.0000,1,83886080,4096,1
1773128118.573346,adaptive,/big.txt,83886080,131072,sequential,1.0000,1,84017152,4096,1
1773128118.5734606,adaptive,/big.txt,84017152,131072,sequential,1.0000,1,84148224,4096,1
1773128118.573574,adaptive,/big.txt,84148224,131072,sequential,1.0000,1,84279296,4096,1
1773128118.5736876,adaptive,/big.txt,84279296,131072,sequential,1.0000,1,84410368,4096,1
1773128118.5738015,adaptive,/big.txt,84410368,131072,sequential,1.0000,1,84541440,4096,1
1773128118.5739157,adaptive,/big.txt,84541440,131072,sequential,1.0000,1,84672512,4096,1
1773128118.57403,adaptive,/big.txt,84672512,131072,sequential,1.0000,1,84803584,4096,1
1773128118.5741487,adaptive,/big.txt,84803584,131072,sequential,1.0000,1,84934656,4096,1
1773128118.5742636,adaptive,/big.txt,84934656,131072,sequential,1.0000,1,85065728,4096,1
1773128118.574378,adaptive,/big.txt,85065728,131072,sequential,1.0000,1,85196800,4096,1
1773128118.5744925,adaptive,/big.txt,85196800,131072,sequential,1.0000,1,85327872,4096,1
1773128118.5746067,adaptive,/big.txt,85327872,131072,sequential,1.0000,1,85458944,4096,1
1773128118.574721,adaptive,/big.txt,85458944,131072,sequential,1.0000,1,85590016,4096,1
1773128118.5748713,adaptive,/big.txt,85590016,131072,sequential,1.0000,1,85721088,4096,1
1773128118.5749874,adaptive,/big.txt,85721088,131072,sequential,1.0000,1,85852160,4096,1
1773128118.575102,adaptive,/big.txt,85852160,131072,sequential,1.0000,1,85983232,4096,1
1773128118.575217,adaptive,/big.txt,85983232,131072,sequential,1.0000,1,86114304,4096,1
1773128118.575332,adaptive,/big.txt,86114304,131072,sequential,1.0000,1,86245376,4096,1
1773128118.5754452,adaptive,/big.txt,86245376,131072,sequential,1.0000,1,86376448,4096,1
1773128118.5755594,adaptive,/big.txt,86376448,131072,sequential,1.0000,1,86507520,4096,1
1773128118.5756736,adaptive,/big.txt,86507520,131072,sequential,1.0000,1,86638592,4096,1
1773128118.5757875,adaptive,/big.txt,86638592,131072,sequential,1.0000,1,86769664,4096,1
1773128118.575901,adaptive,/big.txt,86769664,131072,sequential,1.0000,1,86900736,4096,1
1773128118.576015,adaptive,/big.txt,86900736,131072,sequential,1.0000,1,87031808,4096,1
1773128118.5761282,adaptive,/big.txt,87031808,131072,sequential,1.0000,1,87162880,4096,1
1773128118.576242,adaptive,/big.txt,87162880,131072,sequential,1.0000,1,87293952,4096,1
1773128118.5763562,adaptive,/big.txt,87293952,131072,sequential,1.0000,1,87425024,4096,1
1773128118.5764706,adaptive,/big.txt,87425024,131072,sequential,1.0000,1,87556096,4096,1
1773128118.576585,adaptive,/big.txt,87556096,131072,sequential,1.0000,1,87687168,4096,1
1773128118.576699,adaptive,/big.txt,87687168,131072,sequential,1.0000,1,87818240,4096,1
1773128118.5768132,adaptive,/big.txt,87818240,131072,sequential,1.0000,1,87949312,4096,1
1773128118.5769277,adaptive,/big.txt,87949312,131072,sequential,1.0000,1,88080384,4096,1
1773128118.5770423,adaptive,/big.txt,88080384,131072,sequential,1.0000,1,88211456,4096,1
1773128118.577157,adaptive,/big.txt,88211456,131072,sequential,1.0000,1,88342528,4096,1
1773128118.5772712,adaptive,/big.txt,88342528,131072,sequential,1.0000,1,88473600,4096,1
1773128118.5773864,adaptive,/big.txt,88473600,131072,sequential,1.0000,1,88604672,4096,1
1773128118.5775003,adaptive,/big.txt,88604672,131072,sequential,1.0000,1,88735744,4096,1
1773128118.577615,adaptive,/big.txt,88735744,131072,sequential,1.0000,1,88866816,4096,1
1773128118.577729,adaptive,/big.txt,88866816,131072,sequential,1.0000,1,88997888,4096,1
1773128118.577843,adaptive,/big.txt,88997888,131072,sequential,1.0000,1,89128960,4096,1
1773128118.5779572,adaptive,/big.txt,89128960,131072,sequential,1.0000,1,89260032,4096,1
1773128118.578071,adaptive,/big.txt,89260032,131072,sequential,1.0000,1,89391104,4096,1
1773128118.5781853,adaptive,/big.txt,89391104,131072,sequential,1.0000,1,89522176,4096,1
1773128118.578299,adaptive,/big.txt,89522176,131072,sequential,1.0000,1,89653248,4096,1
1773128118.5784132,adaptive,/big.txt,89653248,131072,sequential,1.0000,1,89784320,4096,1
1773128118.578527,adaptive,/big.txt,89784320,131072,sequential,1.0000,1,89915392,4096,1
1773128118.5786457,adaptive,/big.txt,89915392,131072,sequential,1.0000,1,90046464,4096,1
1773128118.5787601,adaptive,/big.txt,90046464,131072,sequential,1.0000,1,90177536,4096,1
1773128118.5788805,adaptive,/big.txt,90177536,131072,sequential,1.0000,1,90308608,4096,1
1773128118.578996,adaptive,/big.txt,90308608,131072,sequential,1.0000,1,90439680,4096,1
1773128118.5791106,adaptive,/big.txt,90439680,131072,sequential,1.0000,1,90570752,4096,1
1773128118.5792255,adaptive,/big.txt,90570752,131072,sequential,1.0000,1,90701824,4096,1
1773128118.5793402,adaptive,/big.txt,90701824,131072,sequential,1.0000,1,90832896,4096,1
1773128118.5794559,adaptive,/big.txt,90832896,131072,sequential,1.0000,1,90963968,4096,1
1773128118.5795703,adaptive,/big.txt,90963968,131072,sequential,1.0000,1,91095040,4096,1
1773128118.5796854,adaptive,/big.txt,91095040,131072,sequential,1.0000,1,91226112,4096,1
1773128118.5797997,adaptive,/big.txt,91226112,131072,sequential,1.0000,1,91357184,4096,1
1773128118.579915,adaptive,/big.txt,91357184,131072,sequential,1.0000,1,91488256,4096,1
1773128118.5800302,adaptive,/big.txt,91488256,131072,sequential,1.0000,1,91619328,4096,1
1773128118.5801454,adaptive,/big.txt,91619328,131072,sequential,1.0000,1,91750400,4096,1
1773128118.5802608,adaptive,/big.txt,91750400,131072,sequential,1.0000,1,91881472,4096,1
1773128118.5803754,adaptive,/big.txt,91881472,131072,sequential,1.0000,1,92012544,4096,1
1773128118.5804906,adaptive,/big.txt,92012544,131072,sequential,1.0000,1,92143616,4096,1
1773128118.5806055,adaptive,/big.txt,92143616,131072,sequential,1.0000,1,92274688,4096,1
1773128118.5807202,adaptive,/big.txt,92274688,131072,sequential,1.0000,1,92405760,4096,1
1773128118.5808353,adaptive,/big.txt,92405760,131072,sequential,1.0000,1,92536832,4096,1
1773128118.5809503,adaptive,/big.txt,92536832,131072,sequential,1.0000,1,92667904,4096,1
1773128118.5810647,adaptive,/big.txt,92667904,131072,sequential,1.0000,1,92798976,4096,1
1773128118.581179,adaptive,/big.txt,92798976,131072,sequential,1.0000,1,92930048,4096,1
1773128118.5812943,adaptive,/big.txt,92930048,131072,sequential,1.0000,1,93061120,4096,1
1773128118.5814087,adaptive,/big.txt,93061120,131072,sequential,1.0000,1,93192192,4096,1
1773128118.581524,adaptive,/big.txt,93192192,131072,sequential,1.0000,1,93323264,4096,1
1773128118.5816388,adaptive,/big.txt,93323264,131072,sequential,1.0000,1,93454336,4096,1
1773128118.581754,adaptive,/big.txt,93454336,131072,sequential,1.0000,1,93585408,4096,1
1773128118.581869,adaptive,/big.txt,93585408,131072,sequential,1.0000,1,93716480,4096,1
1773128118.581983,adaptive,/big.txt,93716480,131072,sequential,1.0000,1,93847552,4096,1
1773128118.5820978,adaptive,/big.txt,93847552,131072,sequential,1.0000,1,93978624,4096,1
1773128118.5822113,adaptive,/big.txt,93978624,131072,sequential,1.0000,1,94109696,4096,1
1773128118.5823257,adaptive,/big.txt,94109696,131072,sequential,1.0000,1,94240768,4096,1
1773128118.5824406,adaptive,/big.txt,94240768,131072,sequential,1.0000,1,94371840,4096,1
1773128118.582555,adaptive,/big.txt,94371840,131072,sequential,1.0000,1,94502912,4096,1
1773128118.58267,adaptive,/big.txt,94502912,131072,sequential,1.0000,1,94633984,4096,1
1773128118.5828223,adaptive,/big.txt,94633984,131072,sequential,1.0000,1,94765056,4096,1
1773128118.5829406,adaptive,/big.txt,94765056,131072,sequential,1.0000,1,94896128,4096,1
1773128118.583057,adaptive,/big.txt,94896128,131072,sequential,1.0000,1,95027200,4096,1
1773128118.5831733,adaptive,/big.txt,95027200,131072,sequential,1.0000,1,95158272,4096,1
1773128118.5832887,adaptive,/big.txt,95158272,131072,sequential,1.0000,1,95289344,4096,1
1773128118.5834088,adaptive,/big.txt,95289344,131072,sequential,1.0000,1,95420416,4096,1
1773128118.5835247,adaptive,/big.txt,95420416,131072,sequential,1.0000,1,95551488,4096,1
1773128118.5836399,adaptive,/big.txt,95551488,131072,sequential,1.0000,1,95682560,4096,1
1773128118.5837553,adaptive,/big.txt,95682560,131072,sequential,1.0000,1,95813632,4096,1
1773128118.5838702,adaptive,/big.txt,95813632,131072,sequential,1.0000,1,95944704,4096,1
1773128118.5839896,adaptive,/big.txt,95944704,131072,sequential,1.0000,1,96075776,4096,1
1773128118.5841045,adaptive,/big.txt,96075776,131072,sequential,1.0000,1,96206848,4096,1
1773128118.5842187,adaptive,/big.txt,96206848,131072,sequential,1.0000,1,96337920,4096,1
1773128118.584335,adaptive,/big.txt,96337920,131072,sequential,1.0000,1,96468992,4096,1
1773128118.5844514,adaptive,/big.txt,96468992,131072,sequential,1.0000,1,96600064,4096,1
1773128118.5845668,adaptive,/big.txt,96600064,131072,sequential,1.0000,1,96731136,4096,1
1773128118.5846817,adaptive,/big.txt,96731136,131072,sequential,1.0000,1,96862208,4096,1
1773128118.5847964,adaptive,/big.txt,96862208,131072,sequential,1.0000,1,96993280,4096,1
1773128118.5849113,adaptive,/big.txt,96993280,131072,sequential,1.0000,1,97124352,4096,1
1773128118.5850265,adaptive,/big.txt,97124352,131072,sequential,1.0000,1,97255424,4096,1
1773128118.5851405,adaptive,/big.txt,97255424,131072,sequential,1.0000,1,97386496,4096,1
1773128118.585256,adaptive,/big.txt,97386496,131072,sequential,1.0000,1,97517568,4096,1
1773128118.585371,adaptive,/big.txt,97517568,131072,sequential,1.0000,1,97648640,4096,1
1773128118.5854871,adaptive,/big.txt,97648640,131072,sequential,1.0000,1,97779712,4096,1
1773128118.5856023,adaptive,/big.txt,97779712,131072,sequential,1.0000,1,97910784,4096,1
1773128118.5857172,adaptive,/big.txt,97910784,131072,sequential,1.0000,1,98041856,4096,1
1773128118.5858324,adaptive,/big.txt,98041856,131072,sequential,1.0000,1,98172928,4096,1
1773128118.5859473,adaptive,/big.txt,98172928,131072,sequential,1.0000,1,98304000,4096,1
1773128118.5860617,adaptive,/big.txt,98304000,131072,sequential,1.0000,1,98435072,4096,1
1773128118.5861764,adaptive,/big.txt,98435072,131072,sequential,1.0000,1,98566144,4096,1
1773128118.5862913,adaptive,/big.txt,98566144,131072,sequential,1.0000,1,98697216,4096,1
1773128118.5864048,adaptive,/big.txt,98697216,131072,sequential,1.0000,1,98828288,4096,1
1773128118.58652,adaptive,/big.txt,98828288,131072,sequential,1.0000,1,98959360,4096,1
1773128118.5866358,adaptive,/big.txt,98959360,131072,sequential,1.0000,1,99090432,4096,1
1773128118.5867505,adaptive,/big.txt,99090432,131072,sequential,1.0000,1,99221504,4096,1
1773128118.5868723,adaptive,/big.txt,99221504,131072,sequential,1.0000,1,99352576,4096,1
1773128118.5869896,adaptive,/big.txt,99352576,131072,sequential,1.0000,1,99483648,4096,1
1773128118.5871055,adaptive,/big.txt,99483648,131072,sequential,1.0000,1,99614720,4096,1
1773128118.5872219,adaptive,/big.txt,99614720,131072,sequential,1.0000,1,99745792,4096,1
1773128118.5873377,adaptive,/big.txt,99745792,131072,sequential,1.0000,1,99876864,4096,1
1773128118.5874534,adaptive,/big.txt,99876864,131072,sequential,1.0000,1,100007936,4096,1
1773128118.5875695,adaptive,/big.txt,100007936,131072,sequential,1.0000,1,100139008,4096,1
1773128118.5876849,adaptive,/big.txt,100139008,131072,sequential,1.0000,1,100270080,4096,1
1773128118.5878038,adaptive,/big.txt,100270080,131072,sequential,1.0000,1,100401152,4096,1
1773128118.5879195,adaptive,/big.txt,100401152,131072,sequential,1.0000,1,100532224,4096,1
1773128118.5880349,adaptive,/big.txt,100532224,131072,sequential,1.0000,1,100663296,4096,1
1773128118.5881503,adaptive,/big.txt,100663296,131072,sequential,1.0000,1,100794368,4096,1
1773128118.588266,adaptive,/big.txt,100794368,131072,sequential,1.0000,1,100925440,4096,1
1773128118.5883808,adaptive,/big.txt,100925440,131072,sequential,1.0000,1,101056512,4096,1
1773128118.5884967,adaptive,/big.txt,101056512,131072,sequential,1.0000,1,101187584,4096,1
1773128118.5886126,adaptive,/big.txt,101187584,131072,sequential,1.0000,1,101318656,4096,1
1773128118.5887277,adaptive,/big.txt,101318656,131072,sequential,1.0000,1,101449728,4096,1
1773128118.5888433,adaptive,/big.txt,101449728,131072,sequential,1.0000,1,101580800,4096,1
1773128118.5889592,adaptive,/big.txt,101580800,131072,sequential,1.0000,1,101711872,4096,1
1773128118.5890744,adaptive,/big.txt,101711872,131072,sequential,1.0000,1,101842944,4096,1
1773128118.5891948,adaptive,/big.txt,101842944,131072,sequential,1.0000,1,101974016,4096,1
1773128118.5893106,adaptive,/big.txt,101974016,131072,sequential,1.0000,1,102105088,4096,1
1773128118.5894268,adaptive,/big.txt,102105088,131072,sequential,1.0000,1,102236160,4096,1
1773128118.589542,adaptive,/big.txt,102236160,131072,sequential,1.0000,1,102367232,4096,1
1773128118.5896578,adaptive,/big.txt,102367232,131072,sequential,1.0000,1,102498304,4096,1
1773128118.589772,adaptive,/big.txt,102498304,131072,sequential,1.0000,1,102629376,4096,1
1773128118.5898871,adaptive,/big.txt,102629376,131072,sequential,1.0000,1,102760448,4096,1
1773128118.590003,adaptive,/big.txt,102760448,131072,sequential,1.0000,1,102891520,4096,1
1773128118.5901191,adaptive,/big.txt,102891520,131072,sequential,1.0000,1,103022592,4096,1
1773128118.590235,adaptive,/big.txt,103022592,131072,sequential,1.0000,1,103153664,4096,1
1773128118.5903506,adaptive,/big.txt,103153664,131072,sequential,1.0000,1,103284736,4096,1
1773128118.5904663,adaptive,/big.txt,103284736,131072,sequential,1.0000,1,103415808,4096,1
1773128118.5905812,adaptive,/big.txt,103415808,131072,sequential,1.0000,1,103546880,4096,1
1773128118.590696,adaptive,/big.txt,103546880,131072,sequential,1.0000,1,103677952,4096,1
1773128118.590847,adaptive,/big.txt,103677952,131072,sequential,1.0000,1,103809024,4096,1
1773128118.590966,adaptive,/big.txt,103809024,131072,sequential,1.0000,1,103940096,4096,1
1773128118.5910811,adaptive,/big.txt,103940096,131072,sequential,1.0000,1,104071168,4096,1
1773128118.5911963,adaptive,/big.txt,104071168,131072,sequential,1.0000,1,104202240,4096,1
1773128118.5913126,adaptive,/big.txt,104202240,131072,sequential,1.0000,1,104333312,4096,1
1773128118.5914285,adaptive,/big.txt,104333312,131072,sequential,1.0000,1,104464384,4096,1
1773128118.5915442,adaptive,/big.txt,104464384,131072,sequential,1.0000,1,104595456,4096,1
1773128118.5916595,adaptive,/big.txt,104595456,131072,sequential,1.0000,1,104726528,4096,1
1773128118.5917752,adaptive,/big.txt,104726528,131072,sequential,1.0000,1,104857600,4096,1
1773128118.5918677,adaptive,/big.txt,104857600,0,sequential,1.0000,0,,,1
1773128118.5933337,adaptive,/big.txt,20480,4096,irregular,0.7500,0,,,1
1773128118.5943744,adaptive,/big.txt,491520,4096,irregular,0.5000,0,,,1
1773128118.5952659,adaptive,/big.txt,172032,4096,irregular,0.2500,0,,,1
1773128118.5961254,adaptive,/big.txt,1228800,4096,irregular,0.0000,0,,,1
1773128118.5969744,adaptive,/big.txt,69632,4096,irregular,0.0000,0,,,1
1773128118.5978172,adaptive,/big.txt,1024000,4096,irregular,0.0000,0,,,1
1773128118.5985787,adaptive,/big.txt,360448,4096,irregular,0.0000,0,,,1
1773128118.599382,adaptive,/big.txt,778240,4096,irregular,0.0000,0,,,1
1773128118.6001456,adaptive,/big.txt,245760,4096,irregular,0.0000,0,,,1
1773128118.6009095,adaptive,/big.txt,40960,4096,irregular,0.0000,0,,,1
1773128118.601717,adaptive,/big.txt,0,131072,irregular,0.0000,0,,,1
1773128118.6018276,adaptive,/big.txt,131072,131072,irregular,0.2500,0,,,1
1773128118.6019437,adaptive,/big.txt,262144,131072,irregular,0.5000,0,,,1
1773128118.6020846,adaptive,/big.txt,393216,131072,irregular,0.7500,0,,,1
1773128118.6022367,adaptive,/big.txt,524288,131072,sequential,1.0000,1,655360,4096,1
1773128118.6023793,adaptive,/big.txt,655360,131072,sequential,1.0000,1,786432,4096,1
1773128118.6025002,adaptive,/big.txt,786432,131072,sequential,1.0000,1,917504,4096,1
1773128118.6026206,adaptive,/big.txt,917504,131072,sequential,1.0000,1,1048576,4096,1
1773128118.6027408,adaptive,/big.txt,1048576,131072,sequential,1.0000,1,1179648,4096,1
1773128118.6028984,adaptive,/big.txt,1179648,131072,sequential,1.0000,1,1310720,4096,1
1773128118.6030192,adaptive,/big.txt,1310720,131072,sequential,1.0000,1,1441792,4096,1
1773128118.603139,adaptive,/big.txt,1441792,131072,sequential,1.0000,1,1572864,4096,1
1773128118.603269,adaptive,/big.txt,1572864,131072,sequential,1.0000,1,1703936,4096,1
1773128118.6034174,adaptive,/big.txt,1703936,131072,sequential,1.0000,1,1835008,4096,1
1773128118.6035695,adaptive,/big.txt,1835008,131072,sequential,1.0000,1,1966080,4096,1
1773128118.603707,adaptive,/big.txt,1966080,131072,sequential,1.0000,1,2097152,4096,1
1773128118.603827,adaptive,/big.txt,2097152,131072,sequential,1.0000,1,2228224,4096,1
1773128118.6039474,adaptive,/big.txt,2228224,131072,sequential,1.0000,1,2359296,4096,1
1773128118.6040668,adaptive,/big.txt,2359296,131072,sequential,1.0000,1,2490368,4096,1
1773128118.6041853,adaptive,/big.txt,2490368,131072,sequential,1.0000,1,2621440,4096,1
1773128118.604304,adaptive,/big.txt,2621440,131072,sequential,1.0000,1,2752512,4096,1
1773128118.6044233,adaptive,/big.txt,2752512,131072,sequential,1.0000,1,2883584,4096,1
1773128118.604543,adaptive,/big.txt,2883584,131072,sequential,1.0000,1,3014656,4096,1
1773128118.6046617,adaptive,/big.txt,3014656,131072,sequential,1.0000,1,3145728,4096,1
1773128118.6047797,adaptive,/big.txt,3145728,131072,sequential,1.0000,1,3276800,4096,1
1773128118.6048968,adaptive,/big.txt,3276800,131072,sequential,1.0000,1,3407872,4096,1
1773128118.6050143,adaptive,/big.txt,3407872,131072,sequential,1.0000,1,3538944,4096,1
1773128118.6051319,adaptive,/big.txt,3538944,131072,sequential,1.0000,1,3670016,4096,1
1773128118.605248,adaptive,/big.txt,3670016,131072,sequential,1.0000,1,3801088,4096,1
1773128118.6053653,adaptive,/big.txt,3801088,131072,sequential,1.0000,1,3932160,4096,1
1773128118.605482,adaptive,/big.txt,3932160,131072,sequential,1.0000,1,4063232,4096,1
1773128118.6055984,adaptive,/big.txt,4063232,131072,sequential,1.0000,1,4194304,4096,1
1773128118.605716,adaptive,/big.txt,4194304,131072,sequential,1.0000,1,4325376,4096,1
1773128118.6058338,adaptive,/big.txt,4325376,131072,sequential,1.0000,1,4456448,4096,1
1773128118.6059623,adaptive,/big.txt,4456448,131072,sequential,1.0000,1,4587520,4096,1
1773128118.6060982,adaptive,/big.txt,4587520,131072,sequential,1.0000,1,4718592,4096,1
1773128118.6062167,adaptive,/big.txt,4718592,131072,sequential,1.0000,1,4849664,4096,1
1773128118.6063354,adaptive,/big.txt,4849664,131072,sequential,1.0000,1,4980736,4096,1
1773128118.606455,adaptive,/big.txt,4980736,131072,sequential,1.0000,1,5111808,4096,1
1773128118.6065745,adaptive,/big.txt,5111808,131072,sequential,1.0000,1,5242880,4096,1
1773128118.6066933,adaptive,/big.txt,5242880,131072,sequential,1.0000,1,5373952,4096,1
1773128118.606905,adaptive,/big.txt,5373952,131072,sequential,1.0000,1,5505024,4096,1
1773128118.607062,adaptive,/big.txt,5505024,131072,sequential,1.0000,1,5636096,4096,1
1773128118.6072156,adaptive,/big.txt,5636096,131072,sequential,1.0000,1,5767168,4096,1
1773128118.6073709,adaptive,/big.txt,5767168,131072,sequential,1.0000,1,5898240,4096,1
1773128118.607513,adaptive,/big.txt,5898240,131072,sequential,1.0000,1,6029312,4096,1
1773128118.607632,adaptive,/big.txt,6029312,131072,sequential,1.0000,1,6160384,4096,1
1773128118.607751,adaptive,/big.txt,6160384,131072,sequential,1.0000,1,6291456,4096,1
1773128118.607869,adaptive,/big.txt,6291456,131072,sequential,1.0000,1,6422528,4096,1
1773128118.6079876,adaptive,/big.txt,6422528,131072,sequential,1.0000,1,6553600,4096,1
1773128118.6081073,adaptive,/big.txt,6553600,131072,sequential,1.0000,1,6684672,4096,1
1773128118.6082256,adaptive,/big.txt,6684672,131072,sequential,1.0000,1,6815744,4096,1
1773128118.6083436,adaptive,/big.txt,6815744,131072,sequential,1.0000,1,6946816,4096,1
1773128118.6084623,adaptive,/big.txt,6946816,131072,sequential,1.0000,1,7077888,4096,1
1773128118.6085794,adaptive,/big.txt,7077888,131072,sequential,1.0000,1,7208960,4096,1
1773128118.608697,adaptive,/big.txt,7208960,131072,sequential,1.0000,1,7340032,4096,1
1773128118.6088128,adaptive,/big.txt,7340032,131072,sequential,1.0000,1,7471104,4096,1
1773128118.6089294,adaptive,/big.txt,7471104,131072,sequential,1.0000,1,7602176,4096,1
1773128118.6090467,adaptive,/big.txt,7602176,131072,sequential,1.0000,1,7733248,4096,1
1773128118.6091635,adaptive,/big.txt,7733248,131072,sequential,1.0000,1,7864320,4096,1
1773128118.6092803,adaptive,/big.txt,7864320,131072,sequential,1.0000,1,7995392,4096,1
1773128118.609401,adaptive,/big.txt,7995392,131072,sequential,1.0000,1,8126464,4096,1
1773128118.6095183,adaptive,/big.txt,8126464,131072,sequential,1.0000,1,8257536,4096,1
1773128118.609635,adaptive,/big.txt,8257536,131072,sequential,1.0000,1,8388608,4096,1
1773128118.6097522,adaptive,/big.txt,8388608,131072,sequential,1.0000,1,8519680,4096,1
1773128118.6098795,adaptive,/big.txt,8519680,131072,sequential,1.0000,1,8650752,4096,1
1773128118.6100152,adaptive,/big.txt,8650752,131072,sequential,1.0000,1,8781824,4096,1
1773128118.6101322,adaptive,/big.txt,8781824,131072,sequential,1.0000,1,8912896,4096,1
1773128118.6102517,adaptive,/big.txt,8912896,131072,sequential,1.0000,1,9043968,4096,1
1773128118.6103716,adaptive,/big.txt,9043968,131072,sequential,1.0000,1,9175040,4096,1
1773128118.6104898,adaptive,/big.txt,9175040,131072,sequential,1.0000,1,9306112,4096,1
1773128118.6106086,adaptive,/big.txt,9306112,131072,sequential,1.0000,1,9437184,4096,1
1773128118.6107273,adaptive,/big.txt,9437184,131072,sequential,1.0000,1,9568256,4096,1
1773128118.6108954,adaptive,/big.txt,9568256,131072,sequential,1.0000,1,9699328,4096,1
1773128118.61105,adaptive,/big.txt,9699328,131072,sequential,1.0000,1,9830400,4096,1
1773128118.6112041,adaptive,/big.txt,9830400,131072,sequential,1.0000,1,9961472,4096,1
1773128118.6113513,adaptive,/big.txt,9961472,131072,sequential,1.0000,1,10092544,4096,1
1773128118.6115053,adaptive,/big.txt,10092544,131072,sequential,1.0000,1,10223616,4096,1
1773128118.6116529,adaptive,/big.txt,10223616,131072,sequential,1.0000,1,10354688,4096,1
1773128118.6118007,adaptive,/big.txt,10354688,131072,sequential,1.0000,1,10485760,4096,1
1773128118.6119528,adaptive,/big.txt,10485760,131072,sequential,1.0000,1,10616832,4096,1
1773128118.612091,adaptive,/big.txt,10616832,131072,sequential,1.0000,1,10747904,4096,1
1773128118.6122115,adaptive,/big.txt,10747904,131072,sequential,1.0000,1,10878976,4096,1
1773128118.6123302,adaptive,/big.txt,10878976,131072,sequential,1.0000,1,11010048,4096,1
1773128118.6124487,adaptive,/big.txt,11010048,131072,sequential,1.0000,1,11141120,4096,1
1773128118.6125677,adaptive,/big.txt,11141120,131072,sequential,1.0000,1,11272192,4096,1
1773128118.6126876,adaptive,/big.txt,11272192,131072,sequential,1.0000,1,11403264,4096,1
1773128118.6128082,adaptive,/big.txt,11403264,131072,sequential,1.0000,1,11534336,4096,1
1773128118.6129293,adaptive,/big.txt,11534336,131072,sequential,1.0000,1,11665408,4096,1
1773128118.6130505,adaptive,/big.txt,11665408,131072,sequential,1.0000,1,11796480,4096,1
1773128118.6131692,adaptive,/big.txt,11796480,131072,sequential,1.0000,1,11927552,4096,1
1773128118.6132872,adaptive,/big.txt,11927552,131072,sequential,1.0000,1,12058624,4096,1
1773128118.6134052,adaptive,/big.txt,12058624,131072,sequential,1.0000,1,12189696,4096,1
1773128118.613523,adaptive,/big.txt,12189696,131072,sequential,1.0000,1,12320768,4096,1
1773128118.6136415,adaptive,/big.txt,12320768,131072,sequential,1.0000,1,12451840,4096,1
1773128118.6137612,adaptive,/big.txt,12451840,131072,sequential,1.0000,1,12582912,4096,1
1773128118.613891,adaptive,/big.txt,12582912,131072,sequential,1.0000,1,12713984,4096,1
1773128118.614028,adaptive,/big.txt,12713984,131072,sequential,1.0000,1,12845056,4096,1
1773128118.614148,adaptive,/big.txt,12845056,131072,sequential,1.0000,1,12976128,4096,1
1773128118.6142678,adaptive,/big.txt,12976128,131072,sequential,1.0000,1,13107200,4096,1
1773128118.6143882,adaptive,/big.txt,13107200,131072,sequential,1.0000,1,13238272,4096,1
1773128118.6145093,adaptive,/big.txt,13238272,131072,sequential,1.0000,1,13369344,4096,1
1773128118.61463,adaptive,/big.txt,13369344,131072,sequential,1.0000,1,13500416,4096,1
1773128118.6147478,adaptive,/big.txt,13500416,131072,sequential,1.0000,1,13631488,4096,1
1773128118.6149244,adaptive,/big.txt,13631488,131072,sequential,1.0000,1,13762560,4096,1
1773128118.6150882,adaptive,/big.txt,13762560,131072,sequential,1.0000,1,13893632,4096,1
1773128118.6152377,adaptive,/big.txt,13893632,131072,sequential,1.0000,1,14024704,4096,1
1773128118.6153905,adaptive,/big.txt,14024704,131072,sequential,1.0000,1,14155776,4096,1
1773128118.6155403,adaptive,/big.txt,14155776,131072,sequential,1.0000,1,14286848,4096,1
1773128118.615689,adaptive,/big.txt,14286848,131072,sequential,1.0000,1,14417920,4096,1
1773128118.615837,adaptive,/big.txt,14417920,131072,sequential,1.0000,1,14548992,4096,1
1773128118.6159859,adaptive,/big.txt,14548992,131072,sequential,1.0000,1,14680064,4096,1
1773128118.6161249,adaptive,/big.txt,14680064,131072,sequential,1.0000,1,14811136,4096,1
1773128118.6162455,adaptive,/big.txt,14811136,131072,sequential,1.0000,1,14942208,4096,1
1773128118.6163664,adaptive,/big.txt,14942208,131072,sequential,1.0000,1,15073280,4096,1
1773128118.6164873,adaptive,/big.txt,15073280,131072,sequential,1.0000,1,15204352,4096,1
1773128118.6166077,adaptive,/big.txt,15204352,131072,sequential,1.0000,1,15335424,4096,1
1773128118.6167285,adaptive,/big.txt,15335424,131072,sequential,1.0000,1,15466496,4096,1
1773128118.616849,adaptive,/big.txt,15466496,131072,sequential,1.0000,1,15597568,4096,1
1773128118.6169698,adaptive,/big.txt,15597568,131072,sequential,1.0000,1,15728640,4096,1
1773128118.6170902,adaptive,/big.txt,15728640,131072,sequential,1.0000,1,15859712,4096,1
1773128118.6172092,adaptive,/big.txt,15859712,131072,sequential,1.0000,1,15990784,4096,1
1773128118.6173277,adaptive,/big.txt,15990784,131072,sequential,1.0000,1,16121856,4096,1
1773128118.6174457,adaptive,/big.txt,16121856,131072,sequential,1.0000,1,16252928,4096,1
1773128118.6175644,adaptive,/big.txt,16252928,131072,sequential,1.0000,1,16384000,4096,1
1773128118.6176836,adaptive,/big.txt,16384000,131072,sequential,1.0000,1,16515072,4096,1
1773128118.6178029,adaptive,/big.txt,16515072,131072,sequential,1.0000,1,16646144,4096,1
1773128118.6179316,adaptive,/big.txt,16646144,131072,sequential,1.0000,1,16777216,4096,1
1773128118.618074,adaptive,/big.txt,16777216,131072,sequential,1.0000,1,16908288,4096,1
1773128118.6181936,adaptive,/big.txt,16908288,131072,sequential,1.0000,1,17039360,4096,1
1773128118.6183145,adaptive,/big.txt,17039360,131072,sequential,1.0000,1,17170432,4096,1
1773128118.618434,adaptive,/big.txt,17170432,131072,sequential,1.0000,1,17301504,4096,1
1773128118.6185539,adaptive,/big.txt,17301504,131072,sequential,1.0000,1,17432576,4096,1
1773128118.6186728,adaptive,/big.txt,17432576,131072,sequential,1.0000,1,17563648,4096,1
1773128118.6188207,adaptive,/big.txt,17563648,131072,sequential,1.0000,1,17694720,4096,1
1773128118.6189573,adaptive,/big.txt,17694720,131072,sequential,1.0000,1,17825792,4096,1
1773128118.6190765,adaptive,/big.txt,17825792,131072,sequential,1.0000,1,17956864,4096,1
1773128118.6191943,adaptive,/big.txt,17956864,131072,sequential,1.0000,1,18087936,4096,1
1773128118.6193123,adaptive,/big.txt,18087936,131072,sequential,1.0000,1,18219008,4096,1
1773128118.619431,adaptive,/big.txt,18219008,131072,sequential,1.0000,1,18350080,4096,1
1773128118.6195493,adaptive,/big.txt,18350080,131072,sequential,1.0000,1,18481152,4096,1
1773128118.6196673,adaptive,/big.txt,18481152,131072,sequential,1.0000,1,18612224,4096,1
1773128118.6197855,adaptive,/big.txt,18612224,131072,sequential,1.0000,1,18743296,4096,1
1773128118.6199143,adaptive,/big.txt,18743296,131072,sequential,1.0000,1,18874368,4096,1
1773128118.620051,adaptive,/big.txt,18874368,131072,sequential,1.0000,1,19005440,4096,1
1773128118.6201692,adaptive,/big.txt,19005440,131072,sequential,1.0000,1,19136512,4096,1
1773128118.6202903,adaptive,/big.txt,19136512,131072,sequential,1.0000,1,19267584,4096,1
1773128118.6204093,adaptive,/big.txt,19267584,131072,sequential,1.0000,1,19398656,4096,1
1773128118.6205292,adaptive,/big.txt,19398656,131072,sequential,1.0000,1,19529728,4096,1
1773128118.620648,adaptive,/big.txt,19529728,131072,sequential,1.0000,1,19660800,4096,1
1773128118.6207662,adaptive,/big.txt,19660800,131072,sequential,1.0000,1,19791872,4096,1
1773128118.620885,adaptive,/big.txt,19791872,131072,sequential,1.0000,1,19922944,4096,1
1773128118.6210048,adaptive,/big.txt,19922944,131072,sequential,1.0000,1,20054016,4096,1
1773128118.6211271,adaptive,/big.txt,20054016,131072,sequential,1.0000,1,20185088,4096,1
1773128118.621246,adaptive,/big.txt,20185088,131072,sequential,1.0000,1,20316160,4096,1
1773128118.6213639,adaptive,/big.txt,20316160,131072,sequential,1.0000,1,20447232,4096,1
1773128118.6214843,adaptive,/big.txt,20447232,131072,sequential,1.0000,1,20578304,4096,1
1773128118.6216042,adaptive,/big.txt,20578304,131072,sequential,1.0000,1,20709376,4096,1
1773128118.6217232,adaptive,/big.txt,20709376,131072,sequential,1.0000,1,20840448,4096,1
1773128118.621842,adaptive,/big.txt,20840448,131072,sequential,1.0000,1,20971520,4096,1
1773128118.621976,adaptive,/big.txt,20971520,131072,sequential,1.0000,1,21102592,4096,1
1773128118.6221137,adaptive,/big.txt,21102592,131072,sequential,1.0000,1,21233664,4096,1
1773128118.6222355,adaptive,/big.txt,21233664,131072,sequential,1.0000,1,21364736,4096,1
1773128118.6223664,adaptive,/big.txt,21364736,131072,sequential,1.0000,1,21495808,4096,1
1773128118.6225038,adaptive,/big.txt,21495808,131072,sequential,1.0000,1,21626880,4096,1
1773128118.622625,adaptive,/big.txt,21626880,131072,sequential,1.0000,1,21757952,4096,1
1773128118.6227434,adaptive,/big.txt,21757952,131072,sequential,1.0000,1,21889024,4096,1
1773128118.6229734,adaptive,/big.txt,21889024,131072,sequential,1.0000,1,22020096,4096,1
1773128118.6230943,adaptive,/big.txt,22020096,131072,sequential,1.0000,1,22151168,4096,1
1773128118.6232142,adaptive,/big.txt,22151168,131072,sequential,1.0000,1,22282240,4096,1
1773128118.6233356,adaptive,/big.txt,22282240,131072,sequential,1.0000,1,22413312,4096,1
1773128118.623456,adaptive,/big.txt,22413312,131072,sequential,1.0000,1,22544384,4096,1
1773128118.6235864,adaptive,/big.txt,22544384,131072,sequential,1.0000,1,22675456,4096,1
1773128118.623724,adaptive,/big.txt,22675456,131072,sequential,1.0000,1,22806528,4096,1
1773128118.623844,adaptive,/big.txt,22806528,131072,sequential,1.0000,1,22937600,4096,1
1773128118.6239653,adaptive,/big.txt,22937600,131072,sequential,1.0000,1,23068672,4096,1
1773128118.624096,adaptive,/big.txt,23068672,131072,sequential,1.0000,1,23199744,4096,1
1773128118.6242344,adaptive,/big.txt,23199744,131072,sequential,1.0000,1,23330816,4096,1
1773128118.6243558,adaptive,/big.txt,23330816,131072,sequential,1.0000,1,23461888,4096,1
1773128118.6244764,adaptive,/big.txt,23461888,131072,sequential,1.0000,1,23592960,4096,1
1773128118.6245968,adaptive,/big.txt,23592960,131072,sequential,1.0000,1,23724032,4096,1
1773128118.6247182,adaptive,/big.txt,23724032,131072,sequential,1.0000,1,23855104,4096,1
1773128118.6248384,adaptive,/big.txt,23855104,131072,sequential,1.0000,1,23986176,4096,1
1773128118.6249592,adaptive,/big.txt,23986176,131072,sequential,1.0000,1,24117248,4096,1
1773128118.62508,adaptive,/big.txt,24117248,131072,sequential,1.0000,1,24248320,4096,1
1773128118.6252012,adaptive,/big.txt,24248320,131072,sequential,1.0000,1,24379392,4096,1
1773128118.6253197,adaptive,/big.txt,24379392,131072,sequential,1.0000,1,24510464,4096,1
1773128118.6254392,adaptive,/big.txt,24510464,131072,sequential,1.0000,1,24641536,4096,1
1773128118.6255577,adaptive,/big.txt,24641536,131072,sequential,1.0000,1,24772608,4096,1
1773128118.6256778,adaptive,/big.txt,24772608,131072,sequential,1.0000,1,24903680,4096,1
1773128118.6257982,adaptive,/big.txt,24903680,131072,sequential,1.0000,1,25034752,4096,1
1773128118.6259284,adaptive,/big.txt,25034752,131072,sequential,1.0000,1,25165824,4096,1
1773128118.6260772,adaptive,/big.txt,25165824,131072,sequential,1.0000,1,25296896,4096,1
1773128118.6262157,adaptive,/big.txt,25296896,131072,sequential,1.0000,1,25427968,4096,1
1773128118.6263382,adaptive,/big.txt,25427968,131072,sequential,1.0000,1,25559040,4096,1
1773128118.6264598,adaptive,/big.txt,25559040,131072,sequential,1.0000,1,25690112,4096,1
1773128118.6265812,adaptive,/big.txt,25690112,131072,sequential,1.0000,1,25821184,4096,1
1773128118.6267023,adaptive,/big.txt,25821184,131072,sequential,1.0000,1,25952256,4096,1
1773128118.626883,adaptive,/big.txt,25952256,131072,sequential,1.0000,1,26083328,4096,1
1773128118.627043,adaptive,/big.txt,26083328,131072,sequential,1.0000,1,26214400,4096,1
1773128118.6272023,adaptive,/big.txt,26214400,131072,sequential,1.0000,1,26345472,4096,1
1773128118.627352,adaptive,/big.txt,26345472,131072,sequential,1.0000,1,26476544,4096,1
1773128118.6275036,adaptive,/big.txt,26476544,131072,sequential,1.0000,1,26607616,4096,1
1773128118.6276422,adaptive,/big.txt,26607616,131072,sequential,1.0000,1,26738688,4096,1
1773128118.6277635,adaptive,/big.txt,26738688,131072,sequential,1.0000,1,26869760,4096,1
1773128118.6278858,adaptive,/big.txt,26869760,131072,sequential,1.0000,1,27000832,4096,1
1773128118.6280074,adaptive,/big.txt,27000832,131072,sequential,1.0000,1,27131904,4096,1
1773128118.6281292,adaptive,/big.txt,27131904,131072,sequential,1.0000,1,27262976,4096,1
1773128118.628251,adaptive,/big.txt,27262976,131072,sequential,1.0000,1,27394048,4096,1
1773128118.6283731,adaptive,/big.txt,27394048,131072,sequential,1.0000,1,27525120,4096,1
1773128118.6284945,adaptive,/big.txt,27525120,131072,sequential,1.0000,1,27656192,4096,1
1773128118.628616,adaptive,/big.txt,27656192,131072,sequential,1.0000,1,27787264,4096,1
1773128118.6287355,adaptive,/big.txt,27787264,131072,sequential,1.0000,1,27918336,4096,1
1773128118.6288545,adaptive,/big.txt,27918336,131072,sequential,1.0000,1,28049408,4096,1
1773128118.6289728,adaptive,/big.txt,28049408,131072,sequential,1.0000,1,28180480,4096,1
1773128118.629091,adaptive,/big.txt,28180480,131072,sequential,1.0000,1,28311552,4096,1
1773128118.6292093,adaptive,/big.txt,28311552,131072,sequential,1.0000,1,28442624,4096,1
1773128118.6293268,adaptive,/big.txt,28442624,131072,sequential,1.0000,1,28573696,4096,1
1773128118.6294453,adaptive,/big.txt,28573696,131072,sequential,1.0000,1,28704768,4096,1
1773128118.6295636,adaptive,/big.txt,28704768,131072,sequential,1.0000,1,28835840,4096,1
1773128118.6296828,adaptive,/big.txt,28835840,131072,sequential,1.0000,1,28966912,4096,1
1773128118.6298025,adaptive,/big.txt,28966912,131072,sequential,1.0000,1,29097984,4096,1
1773128118.6299314,adaptive,/big.txt,29097984,131072,sequential,1.0000,1,29229056,4096,1
1773128118.6300695,adaptive,/big.txt,29229056,131072,sequential,1.0000,1,29360128,4096,1
1773128118.63019,adaptive,/big.txt,29360128,131072,sequential,1.0000,1,29491200,4096,1
1773128118.6303089,adaptive,/big.txt,29491200,131072,sequential,1.0000,1,29622272,4096,1
1773128118.6304293,adaptive,/big.txt,29622272,131072,sequential,1.0000,1,29753344,4096,1
1773128118.6305492,adaptive,/big.txt,29753344,131072,sequential,1.0000,1,29884416,4096,1
1773128118.630667,adaptive,/big.txt,29884416,131072,sequential,1.0000,1,30015488,4096,1
1773128118.6308131,adaptive,/big.txt,30015488,131072,sequential,1.0000,1,30146560,4096,1
1773128118.6309493,adaptive,/big.txt,30146560,131072,sequential,1.0000,1,30277632,4096,1
1773128118.6310701,adaptive,/big.txt,30277632,131072,sequential,1.0000,1,30408704,4096,1
1773128118.63119,adaptive,/big.txt,30408704,131072,sequential,1.0000,1,30539776,4096,1
1773128118.631309,adaptive,/big.txt,30539776,131072,sequential,1.0000,1,30670848,4096,1
1773128118.6314287,adaptive,/big.txt,30670848,131072,sequential,1.0000,1,30801920,4096,1
1773128118.631548,adaptive,/big.txt,30801920,131072,sequential,1.0000,1,30932992,4096,1
1773128118.6316676,adaptive,/big.txt,30932992,131072,sequential,1.0000,1,31064064,4096,1
1773128118.6317878,adaptive,/big.txt,31064064,131072,sequential,1.0000,1,31195136,4096,1
1773128118.6319187,adaptive,/big.txt,31195136,131072,sequential,1.0000,1,31326208,4096,1
1773128118.632056,adaptive,/big.txt,31326208,131072,sequential,1.0000,1,31457280,4096,1
1773128118.6321762,adaptive,/big.txt,31457280,131072,sequential,1.0000,1,31588352,4096,1
1773128118.632301,adaptive,/big.txt,31588352,131072,sequential,1.0000,1,31719424,4096,1
1773128118.6324232,adaptive,/big.txt,31719424,131072,sequential,1.0000,1,31850496,4096,1
1773128118.6325448,adaptive,/big.txt,31850496,131072,sequential,1.0000,1,31981568,4096,1
1773128118.6326702,adaptive,/big.txt,31981568,131072,sequential,1.0000,1,32112640,4096,1
1773128118.6327913,adaptive,/big.txt,32112640,131072,sequential,1.0000,1,32243712,4096,1
1773128118.6329122,adaptive,/big.txt,32243712,131072,sequential,1.0000,1,32374784,4096,1
1773128118.6330328,adaptive,/big.txt,32374784,131072,sequential,1.0000,1,32505856,4096,1
1773128118.633152,adaptive,/big.txt,32505856,131072,sequential,1.0000,1,32636928,4096,1
1773128118.633271,adaptive,/big.txt,32636928,131072,sequential,1.0000,1,32768000,4096,1
1773128118.6333911,adaptive,/big.txt,32768000,131072,sequential,1.0000,1,32899072,4096,1
1773128118.6335099,adaptive,/big.txt,32899072,131072,sequential,1.0000,1,33030144,4096,1
1773128118.6336288,adaptive,/big.txt,33030144,131072,sequential,1.0000,1,33161216,4096,1
1773128118.633749,adaptive,/big.txt,33161216,131072,sequential,1.0000,1,33292288,4096,1
1773128118.6338806,adaptive,/big.txt,33292288,131072,sequential,1.0000,1,33423360,4096,1
1773128118.6340187,adaptive,/big.txt,33423360,131072,sequential,1.0000,1,33554432,4096,1
1773128118.6341405,adaptive,/big.txt,33554432,131072,sequential,1.0000,1,33685504,4096,1
1773128118.634262,adaptive,/big.txt,33685504,131072,sequential,1.0000,1,33816576,4096,1
1773128118.6343927,adaptive,/big.txt,33816576,131072,sequential,1.0000,1,33947648,4096,1
1773128118.6345325,adaptive,/big.txt,33947648,131072,sequential,1.0000,1,34078720,4096,1
1773128118.634653,adaptive,/big.txt,34078720,131072,sequential,1.0000,1,34209792,4096,1
1773128118.6348667,adaptive,/big.txt,34209792,131072,sequential,1.0000,1,34340864,4096,1
1773128118.6349933,adaptive,/big.txt,34340864,131072,sequential,1.0000,1,34471936,4096,1
1773128118.6351156,adaptive,/big.txt,34471936,131072,sequential,1.0000,1,34603008,4096,1
1773128118.6352372,adaptive,/big.txt,34603008,131072,sequential,1.0000,1,34734080,4096,1
1773128118.6353588,adaptive,/big.txt,34734080,131072,sequential,1.0000,1,34865152,4096,1
1773128118.635489,adaptive,/big.txt,34865152,131072,sequential,1.0000,1,34996224,4096,1
1773128118.6356273,adaptive,/big.txt,34996224,131072,sequential,1.0000,1,35127296,4096,1
1773128118.635748,adaptive,/big.txt,35127296,131072,sequential,1.0000,1,35258368,4096,1
1773128118.6358786,adaptive,/big.txt,35258368,131072,sequential,1.0000,1,35389440,4096,1
1773128118.6360176,adaptive,/big.txt,35389440,131072,sequential,1.0000,1,35520512,4096,1
1773128118.636139,adaptive,/big.txt,35520512,131072,sequential,1.0000,1,35651584,4096,1
1773128118.6362596,adaptive,/big.txt,35651584,131072,sequential,1.0000,1,35782656,4096,1
1773128118.636381,adaptive,/big.txt,35782656,131072,sequential,1.0000,1,35913728,4096,1
1773128118.6365032,adaptive,/big.txt,35913728,131072,sequential,1.0000,1,36044800,4096,1
1773128118.6366248,adaptive,/big.txt,36044800,131072,sequential,1.0000,1,36175872,4096,1
1773128118.6367464,adaptive,/big.txt,36175872,131072,sequential,1.0000,1,36306944,4096,1
1773128118.6368682,adaptive,/big.txt,36306944,131072,sequential,1.0000,1,36438016,4096,1
1773128118.63699,adaptive,/big.txt,36438016,131072,sequential,1.0000,1,36569088,4096,1
1773128118.6371086,adaptive,/big.txt,36569088,131072,sequential,1.0000,1,36700160,4096,1
1773128118.6372273,adaptive,/big.txt,36700160,131072,sequential,1.0000,1,36831232,4096,1
1773128118.637346,adaptive,/big.txt,36831232,131072,sequential,1.0000,1,36962304,4096,1
1773128118.6374645,adaptive,/big.txt,36962304,131072,sequential,1.0000,1,37093376,4096,1
1773128118.637583,adaptive,/big.txt,37093376,131072,sequential,1.0000,1,37224448,4096,1
1773128118.6377025,adaptive,/big.txt,37224448,131072,sequential,1.0000,1,37355520,4096,1
1773128118.6378214,adaptive,/big.txt,37355520,131072,sequential,1.0000,1,37486592,4096,1
1773128118.6379507,adaptive,/big.txt,37486592,131072,sequential,1.0000,1,37617664,4096,1
1773128118.638088,adaptive,/big.txt,37617664,131072,sequential,1.0000,1,37748736,4096,1
1773128118.6382089,adaptive,/big.txt,37748736,131072,sequential,1.0000,1,37879808,4096,1
1773128118.6383293,adaptive,/big.txt,37879808,131072,sequential,1.0000,1,38010880,4096,1
1773128118.6384552,adaptive,/big.txt,38010880,131072,sequential,1.0000,1,38141952,4096,1
1773128118.6385756,adaptive,/big.txt,38141952,131072,sequential,1.0000,1,38273024,4096,1
1773128118.638694,adaptive,/big.txt,38273024,131072,sequential,1.0000,1,38404096,4096,1
1773128118.6388676,adaptive,/big.txt,38404096,131072,sequential,1.0000,1,38535168,4096,1
1773128118.639026,adaptive,/big.txt,38535168,131072,sequential,1.0000,1,38666240,4096,1
1773128118.6391826,adaptive,/big.txt,38666240,131072,sequential,1.0000,1,38797312,4096,1
1773128118.6393445,adaptive,/big.txt,38797312,131072,sequential,1.0000,1,38928384,4096,1
1773128118.639483,adaptive,/big.txt,38928384,131072,sequential,1.0000,1,39059456,4096,1
1773128118.6396039,adaptive,/big.txt,39059456,131072,sequential,1.0000,1,39190528,4096,1
1773128118.6397252,adaptive,/big.txt,39190528,131072,sequential,1.0000,1,39321600,4096,1
1773128118.639856,adaptive,/big.txt,39321600,131072,sequential,1.0000,1,39452672,4096,1
1773128118.6399946,adaptive,/big.txt,39452672,131072,sequential,1.0000,1,39583744,4096,1
1773128118.6401153,adaptive,/big.txt,39583744,131072,sequential,1.0000,1,39714816,4096,1
1773128118.6402369,adaptive,/big.txt,39714816,131072,sequential,1.0000,1,39845888,4096,1
1773128118.6403582,adaptive,/big.txt,39845888,131072,sequential,1.0000,1,39976960,4096,1
1773128118.6404793,adaptive,/big.txt,39976960,131072,sequential,1.0000,1,40108032,4096,1
1773128118.640601,adaptive,/big.txt,40108032,131072,sequential,1.0000,1,40239104,4096,1
1773128118.6407208,adaptive,/big.txt,40239104,131072,sequential,1.0000,1,40370176,4096,1
1773128118.6408417,adaptive,/big.txt,40370176,131072,sequential,1.0000,1,40501248,4096,1
1773128118.6409624,adaptive,/big.txt,40501248,131072,sequential,1.0000,1,40632320,4096,1
1773128118.6410813,adaptive,/big.txt,40632320,131072,sequential,1.0000,1,40763392,4096,1
1773128118.6412003,adaptive,/big.txt,40763392,131072,sequential,1.0000,1,40894464,4096,1
1773128118.6413195,adaptive,/big.txt,40894464,131072,sequential,1.0000,1,41025536,4096,1
1773128118.6414382,adaptive,/big.txt,41025536,131072,sequential,1.0000,1,41156608,4096,1
1773128118.6415575,adaptive,/big.txt,41156608,131072,sequential,1.0000,1,41287680,4096,1
1773128118.6416762,adaptive,/big.txt,41287680,131072,sequential,1.0000,1,41418752,4096,1
1773128118.6417954,adaptive,/big.txt,41418752,131072,sequential,1.0000,1,41549824,4096,1
1773128118.641927,adaptive,/big.txt,41549824,131072,sequential,1.0000,1,41680896,4096,1
1773128118.642064,adaptive,/big.txt,41680896,131072,sequential,1.0000,1,41811968,4096,1
1773128118.642185,adaptive,/big.txt,41811968,131072,sequential,1.0000,1,41943040,4096,1
1773128118.6423056,adaptive,/big.txt,41943040,131072,sequential,1.0000,1,42074112,4096,1
1773128118.6424267,adaptive,/big.txt,42074112,131072,sequential,1.0000,1,42205184,4096,1
1773128118.6425526,adaptive,/big.txt,42205184,131072,sequential,1.0000,1,42336256,4096,1
1773128118.6426716,adaptive,/big.txt,42336256,131072,sequential,1.0000,1,42467328,4096,1
1773128118.6428032,adaptive,/big.txt,42467328,131072,sequential,1.0000,1,42598400,4096,1
1773128118.6429374,adaptive,/big.txt,42598400,131072,sequential,1.0000,1,42729472,4096,1
1773128118.6430936,adaptive,/big.txt,42729472,131072,sequential,1.0000,1,42860544,4096,1
1773128118.6432405,adaptive,/big.txt,42860544,131072,sequential,1.0000,1,42991616,4096,1
1773128118.6433725,adaptive,/big.txt,42991616,131072,sequential,1.0000,1,43122688,4096,1
1773128118.6435108,adaptive,/big.txt,43122688,131072,sequential,1.0000,1,43253760,4096,1
1773128118.6436317,adaptive,/big.txt,43253760,131072,sequential,1.0000,1,43384832,4096,1
1773128118.6437528,adaptive,/big.txt,43384832,131072,sequential,1.0000,1,43515904,4096,1
1773128118.643874,adaptive,/big.txt,43515904,131072,sequential,1.0000,1,43646976,4096,1
1773128118.6439953,adaptive,/big.txt,43646976,131072,sequential,1.0000,1,43778048,4096,1
1773128118.6441164,adaptive,/big.txt,43778048,131072,sequential,1.0000,1,43909120,4096,1
1773128118.6442523,adaptive,/big.txt,43909120,131072,sequential,1.0000,1,44040192,4096,1
1773128118.644391,adaptive,/big.txt,44040192,131072,sequential,1.0000,1,44171264,4096,1
1773128118.644512,adaptive,/big.txt,44171264,131072,sequential,1.0000,1,44302336,4096,1
1773128118.644633,adaptive,/big.txt,44302336,131072,sequential,1.0000,1,44433408,4096,1
1773128118.6447556,adaptive,/big.txt,44433408,131072,sequential,1.0000,1,44564480,4096,1
1773128118.6448765,adaptive,/big.txt,44564480,131072,sequential,1.0000,1,44695552,4096,1
1773128118.6449983,adaptive,/big.txt,44695552,131072,sequential,1.0000,1,44826624,4096,1
1773128118.6451194,adaptive,/big.txt,44826624,131072,sequential,1.0000,1,44957696,4096,1
1773128118.6452415,adaptive,/big.txt,44957696,131072,sequential,1.0000,1,45088768,4096,1
1773128118.6453629,adaptive,/big.txt,45088768,131072,sequential,1.0000,1,45219840,4096,1
1773128118.6454816,adaptive,/big.txt,45219840,131072,sequential,1.0000,1,45350912,4096,1
1773128118.645601,adaptive,/big.txt,45350912,131072,sequential,1.0000,1,45481984,4096,1
1773128118.6457202,adaptive,/big.txt,45481984,131072,sequential,1.0000,1,45613056,4096,1
1773128118.6458397,adaptive,/big.txt,45613056,131072,sequential,1.0000,1,45744128,4096,1
1773128118.6459696,adaptive,/big.txt,45744128,131072,sequential,1.0000,1,45875200,4096,1
1773128118.646118,adaptive,/big.txt,45875200,131072,sequential,1.0000,1,46006272,4096,1
1773128118.6462576,adaptive,/big.txt,46006272,131072,sequential,1.0000,1,46137344,4096,1
1773128118.646378,adaptive,/big.txt,46137344,131072,sequential,1.0000,1,46268416,4096,1
1773128118.6464992,adaptive,/big.txt,46268416,131072,sequential,1.0000,1,46399488,4096,1
1773128118.6466198,adaptive,/big.txt,46399488,131072,sequential,1.0000,1,46530560,4096,1
1773128118.6467378,adaptive,/big.txt,46530560,131072,sequential,1.0000,1,46661632,4096,1
1773128118.6468954,adaptive,/big.txt,46661632,131072,sequential,1.0000,1,46792704,4096,1
1773128118.647018,adaptive,/big.txt,46792704,131072,sequential,1.0000,1,46923776,4096,1
1773128118.6471493,adaptive,/big.txt,46923776,131072,sequential,1.0000,1,47054848,4096,1
1773128118.6472974,adaptive,/big.txt,47054848,131072,sequential,1.0000,1,47185920,4096,1
1773128118.6474357,adaptive,/big.txt,47185920,131072,sequential,1.0000,1,47316992,4096,1
1773128118.6475573,adaptive,/big.txt,47316992,131072,sequential,1.0000,1,47448064,4096,1
1773128118.6476793,adaptive,/big.txt,47448064,131072,sequential,1.0000,1,47579136,4096,1
1773128118.647801,adaptive,/big.txt,47579136,131072,sequential,1.0000,1,47710208,4096,1
1773128118.647932,adaptive,/big.txt,47710208,131072,sequential,1.0000,1,47841280,4096,1
1773128118.648071,adaptive,/big.txt,47841280,131072,sequential,1.0000,1,47972352,4096,1
1773128118.6481924,adaptive,/big.txt,47972352,131072,sequential,1.0000,1,48103424,4096,1
1773128118.6483133,adaptive,/big.txt,48103424,131072,sequential,1.0000,1,48234496,4096,1
1773128118.648445,adaptive,/big.txt,48234496,131072,sequential,1.0000,1,48365568,4096,1
1773128118.6485834,adaptive,/big.txt,48365568,131072,sequential,1.0000,1,48496640,4096,1
1773128118.648705,adaptive,/big.txt,48496640,131072,sequential,1.0000,1,48627712,4096,1
1773128118.6488266,adaptive,/big.txt,48627712,131072,sequential,1.0000,1,48758784,4096,1
1773128118.6489477,adaptive,/big.txt,48758784,131072,sequential,1.0000,1,48889856,4096,1
1773128118.6490786,adaptive,/big.txt,48889856,131072,sequential,1.0000,1,49020928,4096,1
1773128118.6492174,adaptive,/big.txt,49020928,131072,sequential,1.0000,1,49152000,4096,1
1773128118.6493392,adaptive,/big.txt,49152000,131072,sequential,1.0000,1,49283072,4096,1
1773128118.6494615,adaptive,/big.txt,49283072,131072,sequential,1.0000,1,49414144,4096,1
1773128118.6495924,adaptive,/big.txt,49414144,131072,sequential,1.0000,1,49545216,4096,1
1773128118.6497324,adaptive,/big.txt,49545216,131072,sequential,1.0000,1,49676288,4096,1
1773128118.6498542,adaptive,/big.txt,49676288,131072,sequential,1.0000,1,49807360,4096,1
1773128118.649976,adaptive,/big.txt,49807360,131072,sequential,1.0000,1,49938432,4096,1
1773128118.6501017,adaptive,/big.txt,49938432,131072,sequential,1.0000,1,50069504,4096,1
1773128118.6502326,adaptive,/big.txt,50069504,131072,sequential,1.0000,1,50200576,4096,1
1773128118.6503708,adaptive,/big.txt,50200576,131072,sequential,1.0000,1,50331648,4096,1
1773128118.6504915,adaptive,/big.txt,50331648,131072,sequential,1.0000,1,50462720,4096,1
1773128118.6506126,adaptive,/big.txt,50462720,131072,sequential,1.0000,1,50593792,4096,1
1773128118.6507316,adaptive,/big.txt,50593792,131072,sequential,1.0000,1,50724864,4096,1
1773128118.6509132,adaptive,/big.txt,50724864,131072,sequential,1.0000,1,50855936,4096,1
1773128118.6510715,adaptive,/big.txt,50855936,131072,sequential,1.0000,1,50987008,4096,1
1773128118.6512272,adaptive,/big.txt,50987008,131072,sequential,1.0000,1,51118080,4096,1
1773128118.6513884,adaptive,/big.txt,51118080,131072,sequential,1.0000,1,51249152,4096,1
1773128118.6515443,adaptive,/big.txt,51249152,131072,sequential,1.0000,1,51380224,4096,1
1773128118.6517,adaptive,/big.txt,51380224,131072,sequential,1.0000,1,51511296,4096,1
1773128118.651862,adaptive,/big.txt,51511296,131072,sequential,1.0000,1,51642368,4096,1
1773128118.6520083,adaptive,/big.txt,51642368,131072,sequential,1.0000,1,51773440,4096,1
1773128118.6521304,adaptive,/big.txt,51773440,131072,sequential,1.0000,1,51904512,4096,1
1773128118.6522515,adaptive,/big.txt,51904512,131072,sequential,1.0000,1,52035584,4096,1
1773128118.6523738,adaptive,/big.txt,52035584,131072,sequential,1.0000,1,52166656,4096,1
1773128118.6524944,adaptive,/big.txt,52166656,131072,sequential,1.0000,1,52297728,4096,1
1773128118.6526158,adaptive,/big.txt,52297728,131072,sequential,1.0000,1,52428800,4096,1
1773128118.6527379,adaptive,/big.txt,52428800,131072,sequential,1.0000,1,52559872,4096,1
1773128118.6528687,adaptive,/big.txt,52559872,131072,sequential,1.0000,1,52690944,4096,1
1773128118.6530237,adaptive,/big.txt,52690944,131072,sequential,1.0000,1,52822016,4096,1
1773128118.6531668,adaptive,/big.txt,52822016,131072,sequential,1.0000,1,52953088,4096,1
1773128118.6532886,adaptive,/big.txt,52953088,131072,sequential,1.0000,1,53084160,4096,1
1773128118.6534102,adaptive,/big.txt,53084160,131072,sequential,1.0000,1,53215232,4096,1
1773128118.6535316,adaptive,/big.txt,53215232,131072,sequential,1.0000,1,53346304,4096,1
1773128118.6536531,adaptive,/big.txt,53346304,131072,sequential,1.0000,1,53477376,4096,1
1773128118.6537752,adaptive,/big.txt,53477376,131072,sequential,1.0000,1,53608448,4096,1
1773128118.6538973,adaptive,/big.txt,53608448,131072,sequential,1.0000,1,53739520,4096,1
1773128118.654028,adaptive,/big.txt,53739520,131072,sequential,1.0000,1,53870592,4096,1
1773128118.6541755,adaptive,/big.txt,53870592,131072,sequential,1.0000,1,54001664,4096,1
1773128118.6543124,adaptive,/big.txt,54001664,131072,sequential,1.0000,1,54132736,4096,1
1773128118.654434,adaptive,/big.txt,54132736,131072,sequential,1.0000,1,54263808,4096,1
1773128118.6545556,adaptive,/big.txt,54263808,131072,sequential,1.0000,1,54394880,4096,1
1773128118.6546779,adaptive,/big.txt,54394880,131072,sequential,1.0000,1,54525952,4096,1
1773128118.654839,adaptive,/big.txt,54525952,131072,sequential,1.0000,1,54657024,4096,1
1773128118.6549644,adaptive,/big.txt,54657024,131072,sequential,1.0000,1,54788096,4096,1
1773128118.6550868,adaptive,/big.txt,54788096,131072,sequential,1.0000,1,54919168,4096,1
1773128118.6552205,adaptive,/big.txt,54919168,131072,sequential,1.0000,1,55050240,4096,1
1773128118.655359,adaptive,/big.txt,55050240,131072,sequential,1.0000,1,55181312,4096,1
1773128118.65548,adaptive,/big.txt,55181312,131072,sequential,1.0000,1,55312384,4096,1
1773128118.6556013,adaptive,/big.txt,55312384,131072,sequential,1.0000,1,55443456,4096,1
1773128118.6557229,adaptive,/big.txt,55443456,131072,sequential,1.0000,1,55574528,4096,1
1773128118.655845,adaptive,/big.txt,55574528,131072,sequential,1.0000,1,55705600,4096,1
1773128118.6559763,adaptive,/big.txt,55705600,131072,sequential,1.0000,1,55836672,4096,1
1773128118.6561189,adaptive,/big.txt,55836672,131072,sequential,1.0000,1,55967744,4096,1
1773128118.6562405,adaptive,/big.txt,55967744,131072,sequential,1.0000,1,56098816,4096,1
1773128118.6563714,adaptive,/big.txt,56098816,131072,sequential,1.0000,1,56229888,4096,1
1773128118.6565118,adaptive,/big.txt,56229888,131072,sequential,1.0000,1,56360960,4096,1
1773128118.6566327,adaptive,/big.txt,56360960,131072,sequential,1.0000,1,56492032,4096,1
1773128118.6567533,adaptive,/big.txt,56492032,131072,sequential,1.0000,1,56623104,4096,1
1773128118.6568754,adaptive,/big.txt,56623104,131072,sequential,1.0000,1,56754176,4096,1
1773128118.656997,adaptive,/big.txt,56754176,131072,sequential,1.0000,1,56885248,4096,1
1773128118.6571279,adaptive,/big.txt,56885248,131072,sequential,1.0000,1,57016320,4096,1
1773128118.6572666,adaptive,/big.txt,57016320,131072,sequential,1.0000,1,57147392,4096,1
1773128118.6573875,adaptive,/big.txt,57147392,131072,sequential,1.0000,1,57278464,4096,1
1773128118.6575186,adaptive,/big.txt,57278464,131072,sequential,1.0000,1,57409536,4096,1
1773128118.6576576,adaptive,/big.txt,57409536,131072,sequential,1.0000,1,57540608,4096,1
1773128118.657779,adaptive,/big.txt,57540608,131072,sequential,1.0000,1,57671680,4096,1
1773128118.6579008,adaptive,/big.txt,57671680,131072,sequential,1.0000,1,57802752,4096,1
1773128118.658023,adaptive,/big.txt,57802752,131072,sequential,1.0000,1,57933824,4096,1
1773128118.6581447,adaptive,/big.txt,57933824,131072,sequential,1.0000,1,58064896,4096,1
1773128118.6582751,adaptive,/big.txt,58064896,131072,sequential,1.0000,1,58195968,4096,1
1773128118.658414,adaptive,/big.txt,58195968,131072,sequential,1.0000,1,58327040,4096,1
1773128118.6585357,adaptive,/big.txt,58327040,131072,sequential,1.0000,1,58458112,4096,1
1773128118.6586676,adaptive,/big.txt,58458112,131072,sequential,1.0000,1,58589184,4096,1
1773128118.6588542,adaptive,/big.txt,58589184,131072,sequential,1.0000,1,58720256,4096,1
1773128118.6589787,adaptive,/big.txt,58720256,131072,sequential,1.0000,1,58851328,4096,1
1773128118.6591005,adaptive,/big.txt,58851328,131072,sequential,1.0000,1,58982400,4096,1
1773128118.6592224,adaptive,/big.txt,58982400,131072,sequential,1.0000,1,59113472,4096,1
1773128118.6593437,adaptive,/big.txt,59113472,131072,sequential,1.0000,1,59244544,4096,1
1773128118.659464,adaptive,/big.txt,59244544,131072,sequential,1.0000,1,59375616,4096,1
1773128118.6595845,adaptive,/big.txt,59375616,131072,sequential,1.0000,1,59506688,4096,1
1773128118.6597154,adaptive,/big.txt,59506688,131072,sequential,1.0000,1,59637760,4096,1
1773128118.6598628,adaptive,/big.txt,59637760,131072,sequential,1.0000,1,59768832,4096,1
1773128118.6600018,adaptive,/big.txt,59768832,131072,sequential,1.0000,1,59899904,4096,1
1773128118.660123,adaptive,/big.txt,59899904,131072,sequential,1.0000,1,60030976,4096,1
1773128118.6602442,adaptive,/big.txt,60030976,131072,sequential,1.0000,1,60162048,4096,1
1773128118.6603658,adaptive,/big.txt,60162048,131072,sequential,1.0000,1,60293120,4096,1
1773128118.6604874,adaptive,/big.txt,60293120,131072,sequential,1.0000,1,60424192,4096,1
1773128118.6606092,adaptive,/big.txt,60424192,131072,sequential,1.0000,1,60555264,4096,1
1773128118.660731,adaptive,/big.txt,60555264,131072,sequential,1.0000,1,60686336,4096,1
1773128118.660863,adaptive,/big.txt,60686336,131072,sequential,1.0000,1,60817408,4096,1
1773128118.6610115,adaptive,/big.txt,60817408,131072,sequential,1.0000,1,60948480,4096,1
1773128118.6611514,adaptive,/big.txt,60948480,131072,sequential,1.0000,1,61079552,4096,1
1773128118.6612728,adaptive,/big.txt,61079552,131072,sequential,1.0000,1,61210624,4096,1
1773128118.6613944,adaptive,/big.txt,61210624,131072,sequential,1.0000,1,61341696,4096,1
1773128118.6615164,adaptive,/big.txt,61341696,131072,sequential,1.0000,1,61472768,4096,1
1773128118.6616385,adaptive,/big.txt,61472768,131072,sequential,1.0000,1,61603840,4096,1
1773128118.6617603,adaptive,/big.txt,61603840,131072,sequential,1.0000,1,61734912,4096,1
1773128118.6618822,adaptive,/big.txt,61734912,131072,sequential,1.0000,1,61865984,4096,1
1773128118.662018,adaptive,/big.txt,61865984,131072,sequential,1.0000,1,61997056,4096,1
1773128118.6621666,adaptive,/big.txt,61997056,131072,sequential,1.0000,1,62128128,4096,1
1773128118.6623054,adaptive,/big.txt,62128128,131072,sequential,1.0000,1,62259200,4096,1
1773128118.6624267,adaptive,/big.txt,62259200,131072,sequential,1.0000,1,62390272,4096,1
1773128118.6625478,adaptive,/big.txt,62390272,131072,sequential,1.0000,1,62521344,4096,1
1773128118.6626682,adaptive,/big.txt,62521344,131072,sequential,1.0000,1,62652416,4096,1
1773128118.662795,adaptive,/big.txt,62652416,131072,sequential,1.0000,1,62783488,4096,1
1773128118.6629176,adaptive,/big.txt,62783488,131072,sequential,1.0000,1,62914560,4096,1
1773128118.6630385,adaptive,/big.txt,62914560,131072,sequential,1.0000,1,63045632,4096,1
1773128118.6631596,adaptive,/big.txt,63045632,131072,sequential,1.0000,1,63176704,4096,1
1773128118.6632798,adaptive,/big.txt,63176704,131072,sequential,1.0000,1,63307776,4096,1
1773128118.6633992,adaptive,/big.txt,63307776,131072,sequential,1.0000,1,63438848,4096,1
1773128118.663534,adaptive,/big.txt,63438848,131072,sequential,1.0000,1,63569920,4096,1
1773128118.663689,adaptive,/big.txt,63569920,131072,sequential,1.0000,1,63700992,4096,1
1773128118.6638432,adaptive,/big.txt,63700992,131072,sequential,1.0000,1,63832064,4096,1
1773128118.6640706,adaptive,/big.txt,63832064,131072,sequential,1.0000,1,63963136,4096,1
1773128118.6642091,adaptive,/big.txt,63963136,131072,sequential,1.0000,1,64094208,4096,1
1773128118.6643393,adaptive,/big.txt,64094208,131072,sequential,1.0000,1,64225280,4096,1
1773128118.6644683,adaptive,/big.txt,64225280,131072,sequential,1.0000,1,64356352,4096,1
1773128118.6645906,adaptive,/big.txt,64356352,131072,sequential,1.0000,1,64487424,4096,1
1773128118.664713,adaptive,/big.txt,64487424,131072,sequential,1.0000,1,64618496,4096,1
1773128118.6648345,adaptive,/big.txt,64618496,131072,sequential,1.0000,1,64749568,4096,1
1773128118.6649659,adaptive,/big.txt,64749568,131072,sequential,1.0000,1,64880640,4096,1
1773128118.6651142,adaptive,/big.txt,64880640,131072,sequential,1.0000,1,65011712,4096,1
1773128118.6652627,adaptive,/big.txt,65011712,131072,sequential,1.0000,1,65142784,4096,1
1773128118.665401,adaptive,/big.txt,65142784,131072,sequential,1.0000,1,65273856,4096,1
1773128118.6655216,adaptive,/big.txt,65273856,131072,sequential,1.0000,1,65404928,4096,1
1773128118.6656418,adaptive,/big.txt,65404928,131072,sequential,1.0000,1,65536000,4096,1
1773128118.665762,adaptive,/big.txt,65536000,131072,sequential,1.0000,1,65667072,4096,1
1773128118.665883,adaptive,/big.txt,65667072,131072,sequential,1.0000,1,65798144,4096,1
1773128118.666004,adaptive,/big.txt,65798144,131072,sequential,1.0000,1,65929216,4096,1
1773128118.6661248,adaptive,/big.txt,65929216,131072,sequential,1.0000,1,66060288,4096,1
1773128118.666256,adaptive,/big.txt,66060288,131072,sequential,1.0000,1,66191360,4096,1
1773128118.6664033,adaptive,/big.txt,66191360,131072,sequential,1.0000,1,66322432,4096,1
1773128118.6665413,adaptive,/big.txt,66322432,131072,sequential,1.0000,1,66453504,4096,1
1773128118.6666617,adaptive,/big.txt,66453504,131072,sequential,1.0000,1,66584576,4096,1
1773128118.6667993,adaptive,/big.txt,66584576,131072,sequential,1.0000,1,66715648,4096,1
1773128118.666933,adaptive,/big.txt,66715648,131072,sequential,1.0000,1,66846720,4096,1
1773128118.6670787,adaptive,/big.txt,66846720,131072,sequential,1.0000,1,66977792,4096,1
1773128118.6672096,adaptive,/big.txt,66977792,131072,sequential,1.0000,1,67108864,4096,1
1773128118.6673656,adaptive,/big.txt,67108864,131072,sequential,1.0000,1,67239936,4096,1
1773128118.6675203,adaptive,/big.txt,67239936,131072,sequential,1.0000,1,67371008,4096,1
1773128118.6676652,adaptive,/big.txt,67371008,131072,sequential,1.0000,1,67502080,4096,1
1773128118.6677854,adaptive,/big.txt,67502080,131072,sequential,1.0000,1,67633152,4096,1
1773128118.6679063,adaptive,/big.txt,67633152,131072,sequential,1.0000,1,67764224,4096,1
1773128118.6680272,adaptive,/big.txt,67764224,131072,sequential,1.0000,1,67895296,4096,1
1773128118.6681538,adaptive,/big.txt,67895296,131072,sequential,1.0000,1,68026368,4096,1
1773128118.6682749,adaptive,/big.txt,68026368,131072,sequential,1.0000,1,68157440,4096,1
1773128118.668396,adaptive,/big.txt,68157440,131072,sequential,1.0000,1,68288512,4096,1
1773128118.6685264,adaptive,/big.txt,68288512,131072,sequential,1.0000,1,68419584,4096,1
1773128118.6686742,adaptive,/big.txt,68419584,131072,sequential,1.0000,1,68550656,4096,1
1773128118.6688118,adaptive,/big.txt,68550656,131072,sequential,1.0000,1,68681728,4096,1
1773128118.6689322,adaptive,/big.txt,68681728,131072,sequential,1.0000,1,68812800,4096,1
1773128118.6690536,adaptive,/big.txt,68812800,131072,sequential,1.0000,1,68943872,4096,1
1773128118.6691742,adaptive,/big.txt,68943872,131072,sequential,1.0000,1,69074944,4096,1
1773128118.6692955,adaptive,/big.txt,69074944,131072,sequential,1.0000,1,69206016,4096,1
1773128118.6694167,adaptive,/big.txt,69206016,131072,sequential,1.0000,1,69337088,4096,1
1773128118.6695368,adaptive,/big.txt,69337088,131072,sequential,1.0000,1,69468160,4096,1
1773128118.6696672,adaptive,/big.txt,69468160,131072,sequential,1.0000,1,69599232,4096,1
1773128118.669821,adaptive,/big.txt,69599232,131072,sequential,1.0000,1,69730304,4096,1
1773128118.669959,adaptive,/big.txt,69730304,131072,sequential,1.0000,1,69861376,4096,1
1773128118.6700802,adaptive,/big.txt,69861376,131072,sequential,1.0000,1,69992448,4096,1
1773128118.6702008,adaptive,/big.txt,69992448,131072,sequential,1.0000,1,70123520,4096,1
1773128118.670321,adaptive,/big.txt,70123520,131072,sequential,1.0000,1,70254592,4096,1
1773128118.6704416,adaptive,/big.txt,70254592,131072,sequential,1.0000,1,70385664,4096,1
1773128118.6705642,adaptive,/big.txt,70385664,131072,sequential,1.0000,1,70516736,4096,1
1773128118.6706827,adaptive,/big.txt,70516736,131072,sequential,1.0000,1,70647808,4096,1
1773128118.6708097,adaptive,/big.txt,70647808,131072,sequential,1.0000,1,70778880,4096,1
1773128118.6709743,adaptive,/big.txt,70778880,131072,sequential,1.0000,1,70909952,4096,1
1773128118.6711314,adaptive,/big.txt,70909952,131072,sequential,1.0000,1,71041024,4096,1
1773128118.6712894,adaptive,/big.txt,71041024,131072,sequential,1.0000,1,71172096,4096,1
1773128118.671447,adaptive,/big.txt,71172096,131072,sequential,1.0000,1,71303168,4096,1
1773128118.6715925,adaptive,/big.txt,71303168,131072,sequential,1.0000,1,71434240,4096,1
1773128118.671714,adaptive,/big.txt,71434240,131072,sequential,1.0000,1,71565312,4096,1
1773128118.6718352,adaptive,/big.txt,71565312,131072,sequential,1.0000,1,71696384,4096,1
1773128118.671957,adaptive,/big.txt,71696384,131072,sequential,1.0000,1,71827456,4096,1
1773128118.6720777,adaptive,/big.txt,71827456,131072,sequential,1.0000,1,71958528,4096,1
1773128118.6721976,adaptive,/big.txt,71958528,131072,sequential,1.0000,1,72089600,4096,1
1773128118.6723177,adaptive,/big.txt,72089600,131072,sequential,1.0000,1,72220672,4096,1
1773128118.672448,adaptive,/big.txt,72220672,131072,sequential,1.0000,1,72351744,4096,1
1773128118.672596,adaptive,/big.txt,72351744,131072,sequential,1.0000,1,72482816,4096,1
1773128118.6727347,adaptive,/big.txt,72482816,131072,sequential,1.0000,1,72613888,4096,1
1773128118.6728568,adaptive,/big.txt,72613888,131072,sequential,1.0000,1,72744960,4096,1
1773128118.6729777,adaptive,/big.txt,72744960,131072,sequential,1.0000,1,72876032,4096,1
1773128118.6730983,adaptive,/big.txt,72876032,131072,sequential,1.0000,1,73007104,4096,1
1773128118.6732187,adaptive,/big.txt,73007104,131072,sequential,1.0000,1,73138176,4096,1
1773128118.6733398,adaptive,/big.txt,73138176,131072,sequential,1.0000,1,73269248,4096,1
1773128118.673461,adaptive,/big.txt,73269248,131072,sequential,1.0000,1,73400320,4096,1
1773128118.6735923,adaptive,/big.txt,73400320,131072,sequential,1.0000,1,73531392,4096,1
1773128118.6737401,adaptive,/big.txt,73531392,131072,sequential,1.0000,1,73662464,4096,1
1773128118.6738768,adaptive,/big.txt,73662464,131072,sequential,1.0000,1,73793536,4096,1
1773128118.674002,adaptive,/big.txt,73793536,131072,sequential,1.0000,1,73924608,4096,1
1773128118.674126,adaptive,/big.txt,73924608,131072,sequential,1.0000,1,74055680,4096,1
1773128118.674246,adaptive,/big.txt,74055680,131072,sequential,1.0000,1,74186752,4096,1
1773128118.6743667,adaptive,/big.txt,74186752,131072,sequential,1.0000,1,74317824,4096,1
1773128118.6744876,adaptive,/big.txt,74317824,131072,sequential,1.0000,1,74448896,4096,1
1773128118.6746066,adaptive,/big.txt,74448896,131072,sequential,1.0000,1,74579968,4096,1
1773128118.6747253,adaptive,/big.txt,74579968,131072,sequential,1.0000,1,74711040,4096,1
1773128118.6748908,adaptive,/big.txt,74711040,131072,sequential,1.0000,1,74842112,4096,1
1773128118.6750472,adaptive,/big.txt,74842112,131072,sequential,1.0000,1,74973184,4096,1
1773128118.6752021,adaptive,/big.txt,74973184,131072,sequential,1.0000,1,75104256,4096,1
1773128118.675358,adaptive,/big.txt,75104256,131072,sequential,1.0000,1,75235328,4096,1
1773128118.675513,adaptive,/big.txt,75235328,131072,sequential,1.0000,1,75366400,4096,1
1773128118.6756685,adaptive,/big.txt,75366400,131072,sequential,1.0000,1,75497472,4096,1
1773128118.6758225,adaptive,/big.txt,75497472,131072,sequential,1.0000,1,75628544,4096,1
1773128118.6759672,adaptive,/big.txt,75628544,131072,sequential,1.0000,1,75759616,4096,1
1773128118.6760886,adaptive,/big.txt,75759616,131072,sequential,1.0000,1,75890688,4096,1
1773128118.676209,adaptive,/big.txt,75890688,131072,sequential,1.0000,1,76021760,4096,1
1773128118.67633,adaptive,/big.txt,76021760,131072,sequential,1.0000,1,76152832,4096,1
1773128118.6764503,adaptive,/big.txt,76152832,131072,sequential,1.0000,1,76283904,4096,1
1773128118.6765702,adaptive,/big.txt,76283904,131072,sequential,1.0000,1,76414976,4096,1
1773128118.6766903,adaptive,/big.txt,76414976,131072,sequential,1.0000,1,76546048,4096,1
1773128118.6768115,adaptive,/big.txt,76546048,131072,sequential,1.0000,1,76677120,4096,1
1773128118.6769402,adaptive,/big.txt,76677120,131072,sequential,1.0000,1,76808192,4096,1
1773128118.6770883,adaptive,/big.txt,76808192,131072,sequential,1.0000,1,76939264,4096,1
1773128118.6772268,adaptive,/big.txt,76939264,131072,sequential,1.0000,1,77070336,4096,1
1773128118.6773477,adaptive,/big.txt,77070336,131072,sequential,1.0000,1,77201408,4096,1
1773128118.677468,adaptive,/big.txt,77201408,131072,sequential,1.0000,1,77332480,4096,1
1773128118.6775892,adaptive,/big.txt,77332480,131072,sequential,1.0000,1,77463552,4096,1
1773128118.6777105,adaptive,/big.txt,77463552,131072,sequential,1.0000,1,77594624,4096,1
1773128118.6778324,adaptive,/big.txt,77594624,131072,sequential,1.0000,1,77725696,4096,1
1773128118.6779525,adaptive,/big.txt,77725696,131072,sequential,1.0000,1,77856768,4096,1
1773128118.6780837,adaptive,/big.txt,77856768,131072,sequential,1.0000,1,77987840,4096,1
1773128118.6782312,adaptive,/big.txt,77987840,131072,sequential,1.0000,1,78118912,4096,1
1773128118.6783695,adaptive,/big.txt,78118912,131072,sequential,1.0000,1,78249984,4096,1
1773128118.6784902,adaptive,/big.txt,78249984,131072,sequential,1.0000,1,78381056,4096,1
1773128118.6786108,adaptive,/big.txt,78381056,131072,sequential,1.0000,1,78512128,4096,1
1773128118.6787302,adaptive,/big.txt,78512128,131072,sequential,1.0000,1,78643200,4096,1
1773128118.678886,adaptive,/big.txt,78643200,131072,sequential,1.0000,1,78774272,4096,1
1773128118.6790075,adaptive,/big.txt,78774272,131072,sequential,1.0000,1,78905344,4096,1
1773128118.6791384,adaptive,/big.txt,78905344,131072,sequential,1.0000,1,79036416,4096,1
1773128118.679287,adaptive,/big.txt,79036416,131072,sequential,1.0000,1,79167488,4096,1
1773128118.679426,adaptive,/big.txt,79167488,131072,sequential,1.0000,1,79298560,4096,1
1773128118.6795468,adaptive,/big.txt,79298560,131072,sequential,1.0000,1,79429632,4096,1
1773128118.679668,adaptive,/big.txt,79429632,131072,sequential,1.0000,1,79560704,4096,1
1773128118.6797886,adaptive,/big.txt,79560704,131072,sequential,1.0000,1,79691776,4096,1
1773128118.6799097,adaptive,/big.txt,79691776,131072,sequential,1.0000,1,79822848,4096,1
1773128118.6800349,adaptive,/big.txt,79822848,131072,sequential,1.0000,1,79953920,4096,1
1773128118.680156,adaptive,/big.txt,79953920,131072,sequential,1.0000,1,80084992,4096,1
1773128118.6802862,adaptive,/big.txt,80084992,131072,sequential,1.0000,1,80216064,4096,1
1773128118.6804357,adaptive,/big.txt,80216064,131072,sequential,1.0000,1,80347136,4096,1
1773128118.6805775,adaptive,/big.txt,80347136,131072,sequential,1.0000,1,80478208,4096,1
1773128118.6806986,adaptive,/big.txt,80478208,131072,sequential,1.0000,1,80609280,4096,1
1773128118.6808197,adaptive,/big.txt,80609280,131072,sequential,1.0000,1,80740352,4096,1
1773128118.680941,adaptive,/big.txt,80740352,131072,sequential,1.0000,1,80871424,4096,1
1773128118.6810613,adaptive,/big.txt,80871424,131072,sequential,1.0000,1,81002496,4096,1
1773128118.6811826,adaptive,/big.txt,81002496,131072,sequential,1.0000,1,81133568,4096,1
1773128118.6813033,adaptive,/big.txt,81133568,131072,sequential,1.0000,1,81264640,4096,1
1773128118.6814342,adaptive,/big.txt,81264640,131072,sequential,1.0000,1,81395712,4096,1
1773128118.6815825,adaptive,/big.txt,81395712,131072,sequential,1.0000,1,81526784,4096,1
1773128118.6817203,adaptive,/big.txt,81526784,131072,sequential,1.0000,1,81657856,4096,1
1773128118.681841,adaptive,/big.txt,81657856,131072,sequential,1.0000,1,81788928,4096,1
1773128118.681962,adaptive,/big.txt,81788928,131072,sequential,1.0000,1,81920000,4096,1
1773128118.682083,adaptive,/big.txt,81920000,131072,sequential,1.0000,1,82051072,4096,1
1773128118.6822033,adaptive,/big.txt,82051072,131072,sequential,1.0000,1,82182144,4096,1
1773128118.6823244,adaptive,/big.txt,82182144,131072,sequential,1.0000,1,82313216,4096,1
1773128118.6824448,adaptive,/big.txt,82313216,131072,sequential,1.0000,1,82444288,4096,1
1773128118.6825764,adaptive,/big.txt,82444288,131072,sequential,1.0000,1,82575360,4096,1
1773128118.6827135,adaptive,/big.txt,82575360,131072,sequential,1.0000,1,82706432,4096,1
1773128118.682891,adaptive,/big.txt,82706432,131072,sequential,1.0000,1,82837504,4096,1
1773128118.6830487,adaptive,/big.txt,82837504,131072,sequential,1.0000,1,82968576,4096,1
1773128118.6832054,adaptive,/big.txt,82968576,131072,sequential,1.0000,1,83099648,4096,1
1773128118.6833615,adaptive,/big.txt,83099648,131072,sequential,1.0000,1,83230720,4096,1
1773128118.6835203,adaptive,/big.txt,83230720,131072,sequential,1.0000,1,83361792,4096,1
1773128118.6836762,adaptive,/big.txt,83361792,131072,sequential,1.0000,1,83492864,4096,1
1773128118.6838324,adaptive,/big.txt,83492864,131072,sequential,1.0000,1,83623936,4096,1
1773128118.6839783,adaptive,/big.txt,83623936,131072,sequential,1.0000,1,83755008,4096,1
1773128118.6841004,adaptive,/big.txt,83755008,131072,sequential,1.0000,1,83886080,4096,1
1773128118.6842215,adaptive,/big.txt,83886080,131072,sequential,1.0000,1,84017152,4096,1
1773128118.684342,adaptive,/big.txt,84017152,131072,sequential,1.0000,1,84148224,4096,1
1773128118.6844635,adaptive,/big.txt,84148224,131072,sequential,1.0000,1,84279296,4096,1
1773128118.6845841,adaptive,/big.txt,84279296,131072,sequential,1.0000,1,84410368,4096,1
1773128118.6847053,adaptive,/big.txt,84410368,131072,sequential,1.0000,1,84541440,4096,1
1773128118.6848397,adaptive,/big.txt,84541440,131072,sequential,1.0000,1,84672512,4096,1
1773128118.6849887,adaptive,/big.txt,84672512,131072,sequential,1.0000,1,84803584,4096,1
1773128118.6851275,adaptive,/big.txt,84803584,131072,sequential,1.0000,1,84934656,4096,1
1773128118.685248,adaptive,/big.txt,84934656,131072,sequential,1.0000,1,85065728,4096,1
1773128118.685369,adaptive,/big.txt,85065728,131072,sequential,1.0000,1,85196800,4096,1
1773128118.6854892,adaptive,/big.txt,85196800,131072,sequential,1.0000,1,85327872,4096,1
1773128118.6856103,adaptive,/big.txt,85327872,131072,sequential,1.0000,1,85458944,4096,1
1773128118.6857314,adaptive,/big.txt,85458944,131072,sequential,1.0000,1,85590016,4096,1
1773128118.685852,adaptive,/big.txt,85590016,131072,sequential,1.0000,1,85721088,4096,1
1773128118.6859837,adaptive,/big.txt,85721088,131072,sequential,1.0000,1,85852160,4096,1
1773128118.6861355,adaptive,/big.txt,85852160,131072,sequential,1.0000,1,85983232,4096,1
1773128118.6862736,adaptive,/big.txt,85983232,131072,sequential,1.0000,1,86114304,4096,1
1773128118.6863937,adaptive,/big.txt,86114304,131072,sequential,1.0000,1,86245376,4096,1
1773128118.6865141,adaptive,/big.txt,86245376,131072,sequential,1.0000,1,86376448,4096,1
1773128118.686635,adaptive,/big.txt,86376448,131072,sequential,1.0000,1,86507520,4096,1
1773128118.6867535,adaptive,/big.txt,86507520,131072,sequential,1.0000,1,86638592,4096,1
1773128118.6869206,adaptive,/big.txt,86638592,131072,sequential,1.0000,1,86769664,4096,1
1773128118.687077,adaptive,/big.txt,86769664,131072,sequential,1.0000,1,86900736,4096,1
1773128118.6872346,adaptive,/big.txt,86900736,131072,sequential,1.0000,1,87031808,4096,1
1773128118.6873899,adaptive,/big.txt,87031808,131072,sequential,1.0000,1,87162880,4096,1
1773128118.6875463,adaptive,/big.txt,87162880,131072,sequential,1.0000,1,87293952,4096,1
1773128118.6877017,adaptive,/big.txt,87293952,131072,sequential,1.0000,1,87425024,4096,1
1773128118.687859,adaptive,/big.txt,87425024,131072,sequential,1.0000,1,87556096,4096,1
1773128118.688014,adaptive,/big.txt,87556096,131072,sequential,1.0000,1,87687168,4096,1
1773128118.6881583,adaptive,/big.txt,87687168,131072,sequential,1.0000,1,87818240,4096,1
1773128118.6882796,adaptive,/big.txt,87818240,131072,sequential,1.0000,1,87949312,4096,1
1773128118.6884007,adaptive,/big.txt,87949312,131072,sequential,1.0000,1,88080384,4096,1
1773128118.688521,adaptive,/big.txt,88080384,131072,sequential,1.0000,1,88211456,4096,1
1773128118.6886413,adaptive,/big.txt,88211456,131072,sequential,1.0000,1,88342528,4096,1
1773128118.6887617,adaptive,/big.txt,88342528,131072,sequential,1.0000,1,88473600,4096,1
1773128118.6888824,adaptive,/big.txt,88473600,131072,sequential,1.0000,1,88604672,4096,1
1773128118.6890128,adaptive,/big.txt,88604672,131072,sequential,1.0000,1,88735744,4096,1
1773128118.68916,adaptive,/big.txt,88735744,131072,sequential,1.0000,1,88866816,4096,1
1773128118.6893,adaptive,/big.txt,88866816,131072,sequential,1.0000,1,88997888,4096,1
1773128118.689421,adaptive,/big.txt,88997888,131072,sequential,1.0000,1,89128960,4096,1
1773128118.6895423,adaptive,/big.txt,89128960,131072,sequential,1.0000,1,89260032,4096,1
1773128118.689663,adaptive,/big.txt,89260032,131072,sequential,1.0000,1,89391104,4096,1
1773128118.6897838,adaptive,/big.txt,89391104,131072,sequential,1.0000,1,89522176,4096,1
1773128118.6899052,adaptive,/big.txt,89522176,131072,sequential,1.0000,1,89653248,4096,1
1773128118.690027,adaptive,/big.txt,89653248,131072,sequential,1.0000,1,89784320,4096,1
1773128118.690158,adaptive,/big.txt,89784320,131072,sequential,1.0000,1,89915392,4096,1
1773128118.6903055,adaptive,/big.txt,89915392,131072,sequential,1.0000,1,90046464,4096,1
1773128118.690443,adaptive,/big.txt,90046464,131072,sequential,1.0000,1,90177536,4096,1
1773128118.690564,adaptive,/big.txt,90177536,131072,sequential,1.0000,1,90308608,4096,1
1773128118.6906853,adaptive,/big.txt,90308608,131072,sequential,1.0000,1,90439680,4096,1
1773128118.690824,adaptive,/big.txt,90439680,131072,sequential,1.0000,1,90570752,4096,1
1773128118.690947,adaptive,/big.txt,90570752,131072,sequential,1.0000,1,90701824,4096,1
1773128118.6910675,adaptive,/big.txt,90701824,131072,sequential,1.0000,1,90832896,4096,1
1773128118.6911886,adaptive,/big.txt,90832896,131072,sequential,1.0000,1,90963968,4096,1
1773128118.6913087,adaptive,/big.txt,90963968,131072,sequential,1.0000,1,91095040,4096,1
1773128118.6914287,adaptive,/big.txt,91095040,131072,sequential,1.0000,1,91226112,4096,1
1773128118.6915462,adaptive,/big.txt,91226112,131072,sequential,1.0000,1,91357184,4096,1
1773128118.691664,adaptive,/big.txt,91357184,131072,sequential,1.0000,1,91488256,4096,1
1773128118.6917813,adaptive,/big.txt,91488256,131072,sequential,1.0000,1,91619328,4096,1
1773128118.691911,adaptive,/big.txt,91619328,131072,sequential,1.0000,1,91750400,4096,1
1773128118.692053,adaptive,/big.txt,91750400,131072,sequential,1.0000,1,91881472,4096,1
1773128118.6921744,adaptive,/big.txt,91881472,131072,sequential,1.0000,1,92012544,4096,1
1773128118.692295,adaptive,/big.txt,92012544,131072,sequential,1.0000,1,92143616,4096,1
1773128118.6924148,adaptive,/big.txt,92143616,131072,sequential,1.0000,1,92274688,4096,1
1773128118.6925347,adaptive,/big.txt,92274688,131072,sequential,1.0000,1,92405760,4096,1
1773128118.6926556,adaptive,/big.txt,92405760,131072,sequential,1.0000,1,92536832,4096,1
1773128118.6927867,adaptive,/big.txt,92536832,131072,sequential,1.0000,1,92667904,4096,1
1773128118.6929276,adaptive,/big.txt,92667904,131072,sequential,1.0000,1,92798976,4096,1
1773128118.6930578,adaptive,/big.txt,92798976,131072,sequential,1.0000,1,92930048,4096,1
1773128118.6931953,adaptive,/big.txt,92930048,131072,sequential,1.0000,1,93061120,4096,1
1773128118.6933155,adaptive,/big.txt,93061120,131072,sequential,1.0000,1,93192192,4096,1
1773128118.6934364,adaptive,/big.txt,93192192,131072,sequential,1.0000,1,93323264,4096,1
1773128118.6935563,adaptive,/big.txt,93323264,131072,sequential,1.0000,1,93454336,4096,1
1773128118.693677,adaptive,/big.txt,93454336,131072,sequential,1.0000,1,93585408,4096,1
1773128118.6937973,adaptive,/big.txt,93585408,131072,sequential,1.0000,1,93716480,4096,1
1773128118.6939287,adaptive,/big.txt,93716480,131072,sequential,1.0000,1,93847552,4096,1
1773128118.6940675,adaptive,/big.txt,93847552,131072,sequential,1.0000,1,93978624,4096,1
1773128118.6941986,adaptive,/big.txt,93978624,131072,sequential,1.0000,1,94109696,4096,1
1773128118.6943362,adaptive,/big.txt,94109696,131072,sequential,1.0000,1,94240768,4096,1
1773128118.694456,adaptive,/big.txt,94240768,131072,sequential,1.0000,1,94371840,4096,1
1773128118.6945767,adaptive,/big.txt,94371840,131072,sequential,1.0000,1,94502912,4096,1
1773128118.6946976,adaptive,/big.txt,94502912,131072,sequential,1.0000,1,94633984,4096,1
1773128118.6948547,adaptive,/big.txt,94633984,131072,sequential,1.0000,1,94765056,4096,1
1773128118.694977,adaptive,/big.txt,94765056,131072,sequential,1.0000,1,94896128,4096,1
1773128118.6950984,adaptive,/big.txt,94896128,131072,sequential,1.0000,1,95027200,4096,1
1773128118.6952286,adaptive,/big.txt,95027200,131072,sequential,1.0000,1,95158272,4096,1
1773128118.6953707,adaptive,/big.txt,95158272,131072,sequential,1.0000,1,95289344,4096,1
1773128118.6954918,adaptive,/big.txt,95289344,131072,sequential,1.0000,1,95420416,4096,1
1773128118.6956131,adaptive,/big.txt,95420416,131072,sequential,1.0000,1,95551488,4096,1
1773128118.6957352,adaptive,/big.txt,95551488,131072,sequential,1.0000,1,95682560,4096,1
1773128118.6958673,adaptive,/big.txt,95682560,131072,sequential,1.0000,1,95813632,4096,1
1773128118.6960056,adaptive,/big.txt,95813632,131072,sequential,1.0000,1,95944704,4096,1
1773128118.6961262,adaptive,/big.txt,95944704,131072,sequential,1.0000,1,96075776,4096,1
1773128118.696247,adaptive,/big.txt,96075776,131072,sequential,1.0000,1,96206848,4096,1
1773128118.6963768,adaptive,/big.txt,96206848,131072,sequential,1.0000,1,96337920,4096,1
1773128118.6965206,adaptive,/big.txt,96337920,131072,sequential,1.0000,1,96468992,4096,1
1773128118.696641,adaptive,/big.txt,96468992,131072,sequential,1.0000,1,96600064,4096,1
1773128118.696762,adaptive,/big.txt,96600064,131072,sequential,1.0000,1,96731136,4096,1
1773128118.696883,adaptive,/big.txt,96731136,131072,sequential,1.0000,1,96862208,4096,1
1773128118.6970153,adaptive,/big.txt,96862208,131072,sequential,1.0000,1,96993280,4096,1
1773128118.6971545,adaptive,/big.txt,96993280,131072,sequential,1.0000,1,97124352,4096,1
1773128118.697275,adaptive,/big.txt,97124352,131072,sequential,1.0000,1,97255424,4096,1
1773128118.6973958,adaptive,/big.txt,97255424,131072,sequential,1.0000,1,97386496,4096,1
1773128118.6975281,adaptive,/big.txt,97386496,131072,sequential,1.0000,1,97517568,4096,1
1773128118.6976657,adaptive,/big.txt,97517568,131072,sequential,1.0000,1,97648640,4096,1
1773128118.6977854,adaptive,/big.txt,97648640,131072,sequential,1.0000,1,97779712,4096,1
1773128118.6979103,adaptive,/big.txt,97779712,131072,sequential,1.0000,1,97910784,4096,1
1773128118.6980314,adaptive,/big.txt,97910784,131072,sequential,1.0000,1,98041856,4096,1
1773128118.6981645,adaptive,/big.txt,98041856,131072,sequential,1.0000,1,98172928,4096,1
1773128118.6983035,adaptive,/big.txt,98172928,131072,sequential,1.0000,1,98304000,4096,1
1773128118.6984246,adaptive,/big.txt,98304000,131072,sequential,1.0000,1,98435072,4096,1
1773128118.6985452,adaptive,/big.txt,98435072,131072,sequential,1.0000,1,98566144,4096,1
1773128118.698676,adaptive,/big.txt,98566144,131072,sequential,1.0000,1,98697216,4096,1
1773128118.6988478,adaptive,/big.txt,98697216,131072,sequential,1.0000,1,98828288,4096,1
1773128118.6989703,adaptive,/big.txt,98828288,131072,sequential,1.0000,1,98959360,4096,1
1773128118.6990912,adaptive,/big.txt,98959360,131072,sequential,1.0000,1,99090432,4096,1
1773128118.6992116,adaptive,/big.txt,99090432,131072,sequential,1.0000,1,99221504,4096,1
1773128118.699332,adaptive,/big.txt,99221504,131072,sequential,1.0000,1,99352576,4096,1
1773128118.699453,adaptive,/big.txt,99352576,131072,sequential,1.0000,1,99483648,4096,1
1773128118.6995742,adaptive,/big.txt,99483648,131072,sequential,1.0000,1,99614720,4096,1
1773128118.6997042,adaptive,/big.txt,99614720,131072,sequential,1.0000,1,99745792,4096,1
1773128118.6998415,adaptive,/big.txt,99745792,131072,sequential,1.0000,1,99876864,4096,1
1773128118.6999722,adaptive,/big.txt,99876864,131072,sequential,1.0000,1,100007936,4096,1
1773128118.700111,adaptive,/big.txt,100007936,131072,sequential,1.0000,1,100139008,4096,1
1773128118.7002313,adaptive,/big.txt,100139008,131072,sequential,1.0000,1,100270080,4096,1
1773128118.7003517,adaptive,/big.txt,100270080,131072,sequential,1.0000,1,100401152,4096,1
1773128118.700472,adaptive,/big.txt,100401152,131072,sequential,1.0000,1,100532224,4096,1
1773128118.7005932,adaptive,/big.txt,100532224,131072,sequential,1.0000,1,100663296,4096,1
1773128118.7007143,adaptive,/big.txt,100663296,131072,sequential,1.0000,1,100794368,4096,1
1773128118.7008445,adaptive,/big.txt,100794368,131072,sequential,1.0000,1,100925440,4096,1
1773128118.7009845,adaptive,/big.txt,100925440,131072,sequential,1.0000,1,101056512,4096,1
1773128118.7011147,adaptive,/big.txt,101056512,131072,sequential,1.0000,1,101187584,4096,1
1773128118.7012525,adaptive,/big.txt,101187584,131072,sequential,1.0000,1,101318656,4096,1
1773128118.701373,adaptive,/big.txt,101318656,131072,sequential,1.0000,1,101449728,4096,1
1773128118.7014942,adaptive,/big.txt,101449728,131072,sequential,1.0000,1,101580800,4096,1
1773128118.7016146,adaptive,/big.txt,101580800,131072,sequential,1.0000,1,101711872,4096,1
1773128118.701735,adaptive,/big.txt,101711872,131072,sequential,1.0000,1,101842944,4096,1
1773128118.7018552,adaptive,/big.txt,101842944,131072,sequential,1.0000,1,101974016,4096,1
1773128118.701985,adaptive,/big.txt,101974016,131072,sequential,1.0000,1,102105088,4096,1
1773128118.7021222,adaptive,/big.txt,102105088,131072,sequential,1.0000,1,102236160,4096,1
1773128118.7022529,adaptive,/big.txt,102236160,131072,sequential,1.0000,1,102367232,4096,1
1773128118.7023911,adaptive,/big.txt,102367232,131072,sequential,1.0000,1,102498304,4096,1
1773128118.7025125,adaptive,/big.txt,102498304,131072,sequential,1.0000,1,102629376,4096,1
1773128118.7026334,adaptive,/big.txt,102629376,131072,sequential,1.0000,1,102760448,4096,1
1773128118.702752,adaptive,/big.txt,102760448,131072,sequential,1.0000,1,102891520,4096,1
1773128118.7028887,adaptive,/big.txt,102891520,131072,sequential,1.0000,1,103022592,4096,1
1773128118.7030473,adaptive,/big.txt,103022592,131072,sequential,1.0000,1,103153664,4096,1
1773128118.7032034,adaptive,/big.txt,103153664,131072,sequential,1.0000,1,103284736,4096,1
1773128118.7033582,adaptive,/big.txt,103284736,131072,sequential,1.0000,1,103415808,4096,1
1773128118.7035139,adaptive,/big.txt,103415808,131072,sequential,1.0000,1,103546880,4096,1
1773128118.703669,adaptive,/big.txt,103546880,131072,sequential,1.0000,1,103677952,4096,1
1773128118.7038293,adaptive,/big.txt,103677952,131072,sequential,1.0000,1,103809024,4096,1
1773128118.7039852,adaptive,/big.txt,103809024,131072,sequential,1.0000,1,103940096,4096,1
1773128118.7041304,adaptive,/big.txt,103940096,131072,sequential,1.0000,1,104071168,4096,1
1773128118.704251,adaptive,/big.txt,104071168,131072,sequential,1.0000,1,104202240,4096,1
1773128118.7043715,adaptive,/big.txt,104202240,131072,sequential,1.0000,1,104333312,4096,1
1773128118.704492,adaptive,/big.txt,104333312,131072,sequential,1.0000,1,104464384,4096,1
1773128118.7046134,adaptive,/big.txt,104464384,131072,sequential,1.0000,1,104595456,4096,1
1773128118.7047334,adaptive,/big.txt,104595456,131072,sequential,1.0000,1,104726528,4096,1
1773128118.7048533,adaptive,/big.txt,104726528,131072,sequential,1.0000,1,104857600,4096,1
1773128118.7049606,adaptive,/big.txt,104857600,0,sequential,1.0000,0,,,1
