timestamp,mode,path,offset,size,phase,confidence,prefetch,prefetch_offset,prefetch_size,prefetch_depth
1773164815.411533,baseline,/pyfiles/module_1.py,0,137,unknown,0.0000,1,137,4096,1
1773164815.41171,baseline,/pyfiles/module_1.py,137,0,sequential,1.0000,0,,,1
1773164815.411946,baseline,/pyfiles/module_10.py,0,142,irregular,0.5000,1,142,4096,1
1773164815.4120681,baseline,/pyfiles/module_10.py,142,0,irregular,0.6667,0,,,1
1773164815.412274,baseline,/pyfiles/module_100.py,0,147,irregular,0.5000,1,147,4096,1
1773164815.4123788,baseline,/pyfiles/module_100.py,147,0,irregular,0.5000,0,,,1
1773164815.412618,baseline,/pyfiles/module_101.py,0,147,irregular,0.5000,1,147,4096,1
1773164815.412776,baseline,/pyfiles/module_101.py,147,0,irregular,0.5000,0,,,1
1773164815.413002,baseline,/pyfiles/module_102.py,0,147,irregular,0.5000,1,147,4096,1
1773164815.413113,baseline,/pyfiles/module_102.py,147,0,irregular,0.5000,0,,,1
1773164815.413325,baseline,/pyfiles/module_103.py,0,147,irregular,0.5000,1,147,4096,1
1773164815.413415,baseline,/pyfiles/module_103.py,147,0,irregular,0.5000,0,,,1
1773164815.4136052,baseline,/pyfiles/module_104.py,0,147,irregular,0.5000,1,147,4096,1
1773164815.413693,baseline,/pyfiles/module_104.py,147,0,irregular,0.5000,0,,,1
1773164815.4139059,baseline,/pyfiles/module_105.py,0,147,irregular,0.5000,1,147,4096,1
1773164815.414005,baseline,/pyfiles/module_105.py,147,0,irregular,0.5000,0,,,1
1773164815.414214,baseline,/pyfiles/module_106.py,0,147,irregular,0.5000,1,147,4096,1
1773164815.414307,baseline,/pyfiles/module_106.py,147,0,irregular,0.5000,0,,,1
1773164815.414492,baseline,/pyfiles/module_107.py,0,147,irregular,0.5000,1,147,4096,1
1773164815.4146051,baseline,/pyfiles/module_107.py,147,0,irregular,0.5000,0,,,1
1773164815.414798,baseline,/pyfiles/module_108.py,0,147,irregular,0.5000,1,147,4096,1
1773164815.414888,baseline,/pyfiles/module_108.py,147,0,irregular,0.5000,0,,,1
1773164815.415058,baseline,/pyfiles/module_109.py,0,147,irregular,0.5000,1,147,4096,1
1773164815.4151528,baseline,/pyfiles/module_109.py,147,0,irregular,0.5000,0,,,1
1773164815.415327,baseline,/pyfiles/module_11.py,0,142,irregular,0.5000,1,142,4096,1
1773164815.415411,baseline,/pyfiles/module_11.py,142,0,irregular,0.5000,0,,,1
1773164815.415596,baseline,/pyfiles/module_110.py,0,147,irregular,0.5000,1,147,4096,1
1773164815.415692,baseline,/pyfiles/module_110.py,147,0,irregular,0.5000,0,,,1
1773164815.415871,baseline,/pyfiles/module_111.py,0,147,irregular,0.5000,1,147,4096,1
1773164815.4159648,baseline,/pyfiles/module_111.py,147,0,irregular,0.5000,0,,,1
1773164815.416142,baseline,/pyfiles/module_112.py,0,147,irregular,0.5000,1,147,4096,1
1773164815.416224,baseline,/pyfiles/module_112.py,147,0,irregular,0.5000,0,,,1
1773164815.416395,baseline,/pyfiles/module_113.py,0,147,irregular,0.5000,1,147,4096,1
1773164815.416484,baseline,/pyfiles/module_113.py,147,0,irregular,0.5000,0,,,1
1773164815.416655,baseline,/pyfiles/module_114.py,0,147,irregular,0.5000,1,147,4096,1
1773164815.416756,baseline,/pyfiles/module_114.py,147,0,irregular,0.5000,0,,,1
1773164815.4169579,baseline,/pyfiles/module_115.py,0,147,irregular,0.5000,1,147,4096,1
1773164815.4170501,baseline,/pyfiles/module_115.py,147,0,irregular,0.5000,0,,,1
1773164815.417225,baseline,/pyfiles/module_116.py,0,147,irregular,0.5000,1,147,4096,1
1773164815.4173162,baseline,/pyfiles/module_116.py,147,0,irregular,0.5000,0,,,1
1773164815.4174879,baseline,/pyfiles/module_117.py,0,147,irregular,0.5000,1,147,4096,1
1773164815.417575,baseline,/pyfiles/module_117.py,147,0,irregular,0.5000,0,,,1
1773164815.4177651,baseline,/pyfiles/module_118.py,0,147,irregular,0.5000,1,147,4096,1
1773164815.417854,baseline,/pyfiles/module_118.py,147,0,irregular,0.5000,0,,,1
1773164815.4180322,baseline,/pyfiles/module_119.py,0,147,irregular,0.5000,1,147,4096,1
1773164815.4181309,baseline,/pyfiles/module_119.py,147,0,irregular,0.5000,0,,,1
1773164815.4183109,baseline,/pyfiles/module_12.py,0,142,irregular,0.5000,1,142,4096,1
1773164815.418397,baseline,/pyfiles/module_12.py,142,0,irregular,0.5000,0,,,1
1773164815.418615,baseline,/pyfiles/module_120.py,0,147,irregular,0.5000,1,147,4096,1
1773164815.4187021,baseline,/pyfiles/module_120.py,147,0,irregular,0.5000,0,,,1
1773164815.418872,baseline,/pyfiles/module_121.py,0,147,irregular,0.5000,1,147,4096,1
1773164815.4189608,baseline,/pyfiles/module_121.py,147,0,irregular,0.5000,0,,,1
1773164815.419134,baseline,/pyfiles/module_122.py,0,147,irregular,0.5000,1,147,4096,1
1773164815.4192379,baseline,/pyfiles/module_122.py,147,0,irregular,0.5000,0,,,1
1773164815.4194188,baseline,/pyfiles/module_123.py,0,147,irregular,0.5000,1,147,4096,1
1773164815.4195042,baseline,/pyfiles/module_123.py,147,0,irregular,0.5000,0,,,1
1773164815.4196749,baseline,/pyfiles/module_124.py,0,147,irregular,0.5000,1,147,4096,1
1773164815.419761,baseline,/pyfiles/module_124.py,147,0,irregular,0.5000,0,,,1
1773164815.419919,baseline,/pyfiles/module_125.py,0,147,irregular,0.5000,1,147,4096,1
1773164815.420001,baseline,/pyfiles/module_125.py,147,0,irregular,0.5000,0,,,1
1773164815.420162,baseline,/pyfiles/module_126.py,0,147,irregular,0.5000,1,147,4096,1
1773164815.4202461,baseline,/pyfiles/module_126.py,147,0,irregular,0.5000,0,,,1
1773164815.420423,baseline,/pyfiles/module_127.py,0,147,irregular,0.5000,1,147,4096,1
1773164815.420513,baseline,/pyfiles/module_127.py,147,0,irregular,0.5000,0,,,1
1773164815.420672,baseline,/pyfiles/module_128.py,0,147,irregular,0.5000,1,147,4096,1
1773164815.4207518,baseline,/pyfiles/module_128.py,147,0,irregular,0.5000,0,,,1
1773164815.420912,baseline,/pyfiles/module_129.py,0,147,irregular,0.5000,1,147,4096,1
1773164815.420992,baseline,/pyfiles/module_129.py,147,0,irregular,0.5000,0,,,1
1773164815.421152,baseline,/pyfiles/module_13.py,0,142,irregular,0.5000,1,142,4096,1
1773164815.421233,baseline,/pyfiles/module_13.py,142,0,irregular,0.5000,0,,,1
1773164815.421412,baseline,/pyfiles/module_130.py,0,147,irregular,0.5000,1,147,4096,1
1773164815.4214962,baseline,/pyfiles/module_130.py,147,0,irregular,0.5000,0,,,1
1773164815.421651,baseline,/pyfiles/module_131.py,0,147,irregular,0.5000,1,147,4096,1
1773164815.421752,baseline,/pyfiles/module_131.py,147,0,irregular,0.5000,0,,,1
1773164815.421918,baseline,/pyfiles/module_132.py,0,147,irregular,0.5000,1,147,4096,1
1773164815.4220018,baseline,/pyfiles/module_132.py,147,0,irregular,0.5000,0,,,1
1773164815.422168,baseline,/pyfiles/module_133.py,0,147,irregular,0.5000,1,147,4096,1
1773164815.42225,baseline,/pyfiles/module_133.py,147,0,irregular,0.5000,0,,,1
1773164815.4224262,baseline,/pyfiles/module_134.py,0,147,irregular,0.5000,1,147,4096,1
1773164815.422513,baseline,/pyfiles/module_134.py,147,0,irregular,0.5000,0,,,1
1773164815.422675,baseline,/pyfiles/module_135.py,0,147,irregular,0.5000,1,147,4096,1
1773164815.4227571,baseline,/pyfiles/module_135.py,147,0,irregular,0.5000,0,,,1
1773164815.4229178,baseline,/pyfiles/module_136.py,0,147,irregular,0.5000,1,147,4096,1
1773164815.4230049,baseline,/pyfiles/module_136.py,147,0,irregular,0.5000,0,,,1
1773164815.423166,baseline,/pyfiles/module_137.py,0,147,irregular,0.5000,1,147,4096,1
1773164815.423254,baseline,/pyfiles/module_137.py,147,0,irregular,0.5000,0,,,1
1773164815.423425,baseline,/pyfiles/module_138.py,0,147,irregular,0.5000,1,147,4096,1
1773164815.4235158,baseline,/pyfiles/module_138.py,147,0,irregular,0.5000,0,,,1
1773164815.423687,baseline,/pyfiles/module_139.py,0,147,irregular,0.5000,1,147,4096,1
1773164815.423769,baseline,/pyfiles/module_139.py,147,0,irregular,0.5000,0,,,1
1773164815.423927,baseline,/pyfiles/module_14.py,0,142,irregular,0.5000,1,142,4096,1
1773164815.424012,baseline,/pyfiles/module_14.py,142,0,irregular,0.5000,0,,,1
1773164815.4241762,baseline,/pyfiles/module_140.py,0,147,irregular,0.5000,1,147,4096,1
1773164815.424261,baseline,/pyfiles/module_140.py,147,0,irregular,0.5000,0,,,1
1773164815.424434,baseline,/pyfiles/module_141.py,0,147,irregular,0.5000,1,147,4096,1
1773164815.424523,baseline,/pyfiles/module_141.py,147,0,irregular,0.5000,0,,,1
1773164815.4246871,baseline,/pyfiles/module_142.py,0,147,irregular,0.5000,1,147,4096,1
1773164815.4247968,baseline,/pyfiles/module_142.py,147,0,irregular,0.5000,0,,,1
1773164815.424958,baseline,/pyfiles/module_143.py,0,147,irregular,0.5000,1,147,4096,1
1773164815.425044,baseline,/pyfiles/module_143.py,147,0,irregular,0.5000,0,,,1
1773164815.4252028,baseline,/pyfiles/module_144.py,0,147,irregular,0.5000,1,147,4096,1
1773164815.425283,baseline,/pyfiles/module_144.py,147,0,irregular,0.5000,0,,,1
1773164815.425449,baseline,/pyfiles/module_145.py,0,147,irregular,0.5000,1,147,4096,1
1773164815.425546,baseline,/pyfiles/module_145.py,147,0,irregular,0.5000,0,,,1
1773164815.425718,baseline,/pyfiles/module_146.py,0,147,irregular,0.5000,1,147,4096,1
1773164815.425803,baseline,/pyfiles/module_146.py,147,0,irregular,0.5000,0,,,1
1773164815.425962,baseline,/pyfiles/module_147.py,0,147,irregular,0.5000,1,147,4096,1
1773164815.426048,baseline,/pyfiles/module_147.py,147,0,irregular,0.5000,0,,,1
1773164815.426216,baseline,/pyfiles/module_148.py,0,147,irregular,0.5000,1,147,4096,1
1773164815.4262998,baseline,/pyfiles/module_148.py,147,0,irregular,0.5000,0,,,1
1773164815.426452,baseline,/pyfiles/module_149.py,0,147,irregular,0.5000,1,147,4096,1
1773164815.426538,baseline,/pyfiles/module_149.py,147,0,irregular,0.5000,0,,,1
1773164815.4267,baseline,/pyfiles/module_15.py,0,142,irregular,0.5000,1,142,4096,1
1773164815.4267771,baseline,/pyfiles/module_15.py,142,0,irregular,0.5000,0,,,1
1773164815.4269261,baseline,/pyfiles/module_150.py,0,147,irregular,0.5000,1,147,4096,1
1773164815.4270022,baseline,/pyfiles/module_150.py,147,0,irregular,0.5000,0,,,1
1773164815.4271512,baseline,/pyfiles/module_151.py,0,147,irregular,0.5000,1,147,4096,1
1773164815.427232,baseline,/pyfiles/module_151.py,147,0,irregular,0.5000,0,,,1
1773164815.427383,baseline,/pyfiles/module_152.py,0,147,irregular,0.5000,1,147,4096,1
1773164815.427459,baseline,/pyfiles/module_152.py,147,0,irregular,0.5000,0,,,1
1773164815.4276228,baseline,/pyfiles/module_153.py,0,147,irregular,0.5000,1,147,4096,1
1773164815.427702,baseline,/pyfiles/module_153.py,147,0,irregular,0.5000,0,,,1
1773164815.427849,baseline,/pyfiles/module_154.py,0,147,irregular,0.5000,1,147,4096,1
1773164815.427925,baseline,/pyfiles/module_154.py,147,0,irregular,0.5000,0,,,1
1773164815.428072,baseline,/pyfiles/module_155.py,0,147,irregular,0.5000,1,147,4096,1
1773164815.4281511,baseline,/pyfiles/module_155.py,147,0,irregular,0.5000,0,,,1
1773164815.4283001,baseline,/pyfiles/module_156.py,0,147,irregular,0.5000,1,147,4096,1
1773164815.428376,baseline,/pyfiles/module_156.py,147,0,irregular,0.5000,0,,,1
1773164815.4285288,baseline,/pyfiles/module_157.py,0,147,irregular,0.5000,1,147,4096,1
1773164815.428618,baseline,/pyfiles/module_157.py,147,0,irregular,0.5000,0,,,1
1773164815.428781,baseline,/pyfiles/module_158.py,0,147,irregular,0.5000,1,147,4096,1
1773164815.428853,baseline,/pyfiles/module_158.py,147,0,irregular,0.5000,0,,,1
1773164815.429004,baseline,/pyfiles/module_159.py,0,147,irregular,0.5000,1,147,4096,1
1773164815.4290931,baseline,/pyfiles/module_159.py,147,0,irregular,0.5000,0,,,1
1773164815.429249,baseline,/pyfiles/module_16.py,0,142,irregular,0.5000,1,142,4096,1
1773164815.4293308,baseline,/pyfiles/module_16.py,142,0,irregular,0.5000,0,,,1
1773164815.4294841,baseline,/pyfiles/module_160.py,0,147,irregular,0.5000,1,147,4096,1
1773164815.4295611,baseline,/pyfiles/module_160.py,147,0,irregular,0.5000,0,,,1
1773164815.429713,baseline,/pyfiles/module_161.py,0,147,irregular,0.5000,1,147,4096,1
1773164815.4297931,baseline,/pyfiles/module_161.py,147,0,irregular,0.5000,0,,,1
1773164815.429944,baseline,/pyfiles/module_162.py,0,147,irregular,0.5000,1,147,4096,1
1773164815.430024,baseline,/pyfiles/module_162.py,147,0,irregular,0.5000,0,,,1
1773164815.4301782,baseline,/pyfiles/module_163.py,0,147,irregular,0.5000,1,147,4096,1
1773164815.4302552,baseline,/pyfiles/module_163.py,147,0,irregular,0.5000,0,,,1
1773164815.4304059,baseline,/pyfiles/module_164.py,0,147,irregular,0.5000,1,147,4096,1
1773164815.430485,baseline,/pyfiles/module_164.py,147,0,irregular,0.5000,0,,,1
1773164815.4306738,baseline,/pyfiles/module_165.py,0,147,irregular,0.5000,1,147,4096,1
1773164815.430753,baseline,/pyfiles/module_165.py,147,0,irregular,0.5000,0,,,1
1773164815.4309492,baseline,/pyfiles/module_166.py,0,147,irregular,0.5000,1,147,4096,1
1773164815.43103,baseline,/pyfiles/module_166.py,147,0,irregular,0.5000,0,,,1
1773164815.431187,baseline,/pyfiles/module_167.py,0,147,irregular,0.5000,1,147,4096,1
1773164815.431275,baseline,/pyfiles/module_167.py,147,0,irregular,0.5000,0,,,1
1773164815.431424,baseline,/pyfiles/module_168.py,0,147,irregular,0.5000,1,147,4096,1
1773164815.4315038,baseline,/pyfiles/module_168.py,147,0,irregular,0.5000,0,,,1
1773164815.431656,baseline,/pyfiles/module_169.py,0,147,irregular,0.5000,1,147,4096,1
1773164815.4317389,baseline,/pyfiles/module_169.py,147,0,irregular,0.5000,0,,,1
1773164815.431909,baseline,/pyfiles/module_17.py,0,142,irregular,0.5000,1,142,4096,1
1773164815.431998,baseline,/pyfiles/module_17.py,142,0,irregular,0.5000,0,,,1
1773164815.432163,baseline,/pyfiles/module_170.py,0,147,irregular,0.5000,1,147,4096,1
1773164815.43225,baseline,/pyfiles/module_170.py,147,0,irregular,0.5000,0,,,1
1773164815.432401,baseline,/pyfiles/module_171.py,0,147,irregular,0.5000,1,147,4096,1
1773164815.432479,baseline,/pyfiles/module_171.py,147,0,irregular,0.5000,0,,,1
1773164815.432637,baseline,/pyfiles/module_172.py,0,147,irregular,0.5000,1,147,4096,1
1773164815.4327219,baseline,/pyfiles/module_172.py,147,0,irregular,0.5000,0,,,1
1773164815.432868,baseline,/pyfiles/module_173.py,0,147,irregular,0.5000,1,147,4096,1
1773164815.432944,baseline,/pyfiles/module_173.py,147,0,irregular,0.5000,0,,,1
1773164815.433096,baseline,/pyfiles/module_174.py,0,147,irregular,0.5000,1,147,4096,1
1773164815.4331741,baseline,/pyfiles/module_174.py,147,0,irregular,0.5000,0,,,1
1773164815.4333189,baseline,/pyfiles/module_175.py,0,147,irregular,0.5000,1,147,4096,1
1773164815.433394,baseline,/pyfiles/module_175.py,147,0,irregular,0.5000,0,,,1
1773164815.4335418,baseline,/pyfiles/module_176.py,0,147,irregular,0.5000,1,147,4096,1
1773164815.4336221,baseline,/pyfiles/module_176.py,147,0,irregular,0.5000,0,,,1
1773164815.433764,baseline,/pyfiles/module_177.py,0,147,irregular,0.5000,1,147,4096,1
1773164815.433841,baseline,/pyfiles/module_177.py,147,0,irregular,0.5000,0,,,1
1773164815.433988,baseline,/pyfiles/module_178.py,0,147,irregular,0.5000,1,147,4096,1
1773164815.434064,baseline,/pyfiles/module_178.py,147,0,irregular,0.5000,0,,,1
1773164815.434222,baseline,/pyfiles/module_179.py,0,147,irregular,0.5000,1,147,4096,1
1773164815.434297,baseline,/pyfiles/module_179.py,147,0,irregular,0.5000,0,,,1
1773164815.4344409,baseline,/pyfiles/module_18.py,0,142,irregular,0.5000,1,142,4096,1
1773164815.434519,baseline,/pyfiles/module_18.py,142,0,irregular,0.5000,0,,,1
1773164815.434666,baseline,/pyfiles/module_180.py,0,147,irregular,0.5000,1,147,4096,1
1773164815.43474,baseline,/pyfiles/module_180.py,147,0,irregular,0.5000,0,,,1
1773164815.434888,baseline,/pyfiles/module_181.py,0,147,irregular,0.5000,1,147,4096,1
1773164815.434964,baseline,/pyfiles/module_181.py,147,0,irregular,0.5000,0,,,1
1773164815.4351099,baseline,/pyfiles/module_182.py,0,147,irregular,0.5000,1,147,4096,1
1773164815.4352,baseline,/pyfiles/module_182.py,147,0,irregular,0.5000,0,,,1
1773164815.435349,baseline,/pyfiles/module_183.py,0,147,irregular,0.5000,1,147,4096,1
1773164815.435425,baseline,/pyfiles/module_183.py,147,0,irregular,0.5000,0,,,1
1773164815.4355688,baseline,/pyfiles/module_184.py,0,147,irregular,0.5000,1,147,4096,1
1773164815.435641,baseline,/pyfiles/module_184.py,147,0,irregular,0.5000,0,,,1
1773164815.43578,baseline,/pyfiles/module_185.py,0,147,irregular,0.5000,1,147,4096,1
1773164815.435858,baseline,/pyfiles/module_185.py,147,0,irregular,0.5000,0,,,1
1773164815.436002,baseline,/pyfiles/module_186.py,0,147,irregular,0.5000,1,147,4096,1
1773164815.436077,baseline,/pyfiles/module_186.py,147,0,irregular,0.5000,0,,,1
1773164815.436235,baseline,/pyfiles/module_187.py,0,147,irregular,0.5000,1,147,4096,1
1773164815.436335,baseline,/pyfiles/module_187.py,147,0,irregular,0.5000,0,,,1
1773164815.436484,baseline,/pyfiles/module_188.py,0,147,irregular,0.5000,1,147,4096,1
1773164815.436566,baseline,/pyfiles/module_188.py,147,0,irregular,0.5000,0,,,1
1773164815.4367092,baseline,/pyfiles/module_189.py,0,147,irregular,0.5000,1,147,4096,1
1773164815.436786,baseline,/pyfiles/module_189.py,147,0,irregular,0.5000,0,,,1
1773164815.436928,baseline,/pyfiles/module_19.py,0,142,irregular,0.5000,1,142,4096,1
1773164815.437,baseline,/pyfiles/module_19.py,142,0,irregular,0.5000,0,,,1
1773164815.4371479,baseline,/pyfiles/module_190.py,0,147,irregular,0.5000,1,147,4096,1
1773164815.437227,baseline,/pyfiles/module_190.py,147,0,irregular,0.5000,0,,,1
1773164815.437376,baseline,/pyfiles/module_191.py,0,147,irregular,0.5000,1,147,4096,1
1773164815.43744,baseline,/pyfiles/module_191.py,147,0,irregular,0.5000,0,,,1
1773164815.437577,baseline,/pyfiles/module_192.py,0,147,irregular,0.5000,1,147,4096,1
1773164815.437649,baseline,/pyfiles/module_192.py,147,0,irregular,0.5000,0,,,1
1773164815.437786,baseline,/pyfiles/module_193.py,0,147,irregular,0.5000,1,147,4096,1
1773164815.437855,baseline,/pyfiles/module_193.py,147,0,irregular,0.5000,0,,,1
1773164815.437994,baseline,/pyfiles/module_194.py,0,147,irregular,0.5000,1,147,4096,1
1773164815.438057,baseline,/pyfiles/module_194.py,147,0,irregular,0.5000,0,,,1
1773164815.438188,baseline,/pyfiles/module_195.py,0,147,irregular,0.5000,1,147,4096,1
1773164815.438256,baseline,/pyfiles/module_195.py,147,0,irregular,0.5000,0,,,1
1773164815.438415,baseline,/pyfiles/module_196.py,0,147,irregular,0.5000,1,147,4096,1
1773164815.438487,baseline,/pyfiles/module_196.py,147,0,irregular,0.5000,0,,,1
1773164815.4386199,baseline,/pyfiles/module_197.py,0,147,irregular,0.5000,1,147,4096,1
1773164815.43869,baseline,/pyfiles/module_197.py,147,0,irregular,0.5000,0,,,1
1773164815.438824,baseline,/pyfiles/module_198.py,0,147,irregular,0.5000,1,147,4096,1
1773164815.4388962,baseline,/pyfiles/module_198.py,147,0,irregular,0.5000,0,,,1
1773164815.439029,baseline,/pyfiles/module_199.py,0,147,irregular,0.5000,1,147,4096,1
1773164815.439092,baseline,/pyfiles/module_199.py,147,0,irregular,0.5000,0,,,1
1773164815.4392471,baseline,/pyfiles/module_2.py,0,137,irregular,0.5000,1,137,4096,1
1773164815.4393191,baseline,/pyfiles/module_2.py,137,0,irregular,0.5000,0,,,1
1773164815.439473,baseline,/pyfiles/module_20.py,0,142,irregular,0.5000,1,142,4096,1
1773164815.439552,baseline,/pyfiles/module_20.py,142,0,irregular,0.5000,0,,,1
1773164815.439688,baseline,/pyfiles/module_200.py,0,147,irregular,0.5000,1,147,4096,1
1773164815.439758,baseline,/pyfiles/module_200.py,147,0,irregular,0.5000,0,,,1
1773164815.439897,baseline,/pyfiles/module_21.py,0,142,irregular,0.5000,1,142,4096,1
1773164815.439967,baseline,/pyfiles/module_21.py,142,0,irregular,0.5000,0,,,1
1773164815.440099,baseline,/pyfiles/module_22.py,0,142,irregular,0.5000,1,142,4096,1
1773164815.440164,baseline,/pyfiles/module_22.py,142,0,irregular,0.5000,0,,,1
1773164815.440301,baseline,/pyfiles/module_23.py,0,142,irregular,0.5000,1,142,4096,1
1773164815.440371,baseline,/pyfiles/module_23.py,142,0,irregular,0.5000,0,,,1
1773164815.440505,baseline,/pyfiles/module_24.py,0,142,irregular,0.5000,1,142,4096,1
1773164815.440575,baseline,/pyfiles/module_24.py,142,0,irregular,0.5000,0,,,1
1773164815.4407349,baseline,/pyfiles/module_25.py,0,142,irregular,0.5000,1,142,4096,1
1773164815.4408178,baseline,/pyfiles/module_25.py,142,0,irregular,0.5000,0,,,1
1773164815.440959,baseline,/pyfiles/module_26.py,0,142,irregular,0.5000,1,142,4096,1
1773164815.441031,baseline,/pyfiles/module_26.py,142,0,irregular,0.5000,0,,,1
1773164815.441163,baseline,/pyfiles/module_27.py,0,142,irregular,0.5000,1,142,4096,1
1773164815.4412348,baseline,/pyfiles/module_27.py,142,0,irregular,0.5000,0,,,1
1773164815.4413729,baseline,/pyfiles/module_28.py,0,142,irregular,0.5000,1,142,4096,1
1773164815.4414442,baseline,/pyfiles/module_28.py,142,0,irregular,0.5000,0,,,1
1773164815.441608,baseline,/pyfiles/module_29.py,0,142,irregular,0.5000,1,142,4096,1
1773164815.44168,baseline,/pyfiles/module_29.py,142,0,irregular,0.5000,0,,,1
1773164815.441833,baseline,/pyfiles/module_3.py,0,137,irregular,0.5000,1,137,4096,1
1773164815.441906,baseline,/pyfiles/module_3.py,137,0,irregular,0.5000,0,,,1
1773164815.4420428,baseline,/pyfiles/module_30.py,0,142,irregular,0.5000,1,142,4096,1
1773164815.442113,baseline,/pyfiles/module_30.py,142,0,irregular,0.5000,0,,,1
1773164815.442258,baseline,/pyfiles/module_31.py,0,142,irregular,0.5000,1,142,4096,1
1773164815.4423301,baseline,/pyfiles/module_31.py,142,0,irregular,0.5000,0,,,1
1773164815.442471,baseline,/pyfiles/module_32.py,0,142,irregular,0.5000,1,142,4096,1
1773164815.4425442,baseline,/pyfiles/module_32.py,142,0,irregular,0.5000,0,,,1
1773164815.442684,baseline,/pyfiles/module_33.py,0,142,irregular,0.5000,1,142,4096,1
1773164815.4427571,baseline,/pyfiles/module_33.py,142,0,irregular,0.5000,0,,,1
1773164815.442903,baseline,/pyfiles/module_34.py,0,142,irregular,0.5000,1,142,4096,1
1773164815.4429739,baseline,/pyfiles/module_34.py,142,0,irregular,0.5000,0,,,1
1773164815.443105,baseline,/pyfiles/module_35.py,0,142,irregular,0.5000,1,142,4096,1
1773164815.443178,baseline,/pyfiles/module_35.py,142,0,irregular,0.5000,0,,,1
1773164815.4433138,baseline,/pyfiles/module_36.py,0,142,irregular,0.5000,1,142,4096,1
1773164815.443389,baseline,/pyfiles/module_36.py,142,0,irregular,0.5000,0,,,1
1773164815.443527,baseline,/pyfiles/module_37.py,0,142,irregular,0.5000,1,142,4096,1
1773164815.4436018,baseline,/pyfiles/module_37.py,142,0,irregular,0.5000,0,,,1
1773164815.443743,baseline,/pyfiles/module_38.py,0,142,irregular,0.5000,1,142,4096,1
1773164815.443817,baseline,/pyfiles/module_38.py,142,0,irregular,0.5000,0,,,1
1773164815.4439738,baseline,/pyfiles/module_39.py,0,142,irregular,0.5000,1,142,4096,1
1773164815.444049,baseline,/pyfiles/module_39.py,142,0,irregular,0.5000,0,,,1
1773164815.444181,baseline,/pyfiles/module_4.py,0,137,irregular,0.5000,1,137,4096,1
1773164815.444253,baseline,/pyfiles/module_4.py,137,0,irregular,0.5000,0,,,1
1773164815.4443898,baseline,/pyfiles/module_40.py,0,142,irregular,0.5000,1,142,4096,1
1773164815.444459,baseline,/pyfiles/module_40.py,142,0,irregular,0.5000,0,,,1
1773164815.4445922,baseline,/pyfiles/module_41.py,0,142,irregular,0.5000,1,142,4096,1
1773164815.44466,baseline,/pyfiles/module_41.py,142,0,irregular,0.5000,0,,,1
1773164815.444791,baseline,/pyfiles/module_42.py,0,142,irregular,0.5000,1,142,4096,1
1773164815.44486,baseline,/pyfiles/module_42.py,142,0,irregular,0.5000,0,,,1
1773164815.444992,baseline,/pyfiles/module_43.py,0,142,irregular,0.5000,1,142,4096,1
1773164815.445059,baseline,/pyfiles/module_43.py,142,0,irregular,0.5000,0,,,1
1773164815.4452028,baseline,/pyfiles/module_44.py,0,142,irregular,0.5000,1,142,4096,1
1773164815.445278,baseline,/pyfiles/module_44.py,142,0,irregular,0.5000,0,,,1
1773164815.445405,baseline,/pyfiles/module_45.py,0,142,irregular,0.5000,1,142,4096,1
1773164815.4454741,baseline,/pyfiles/module_45.py,142,0,irregular,0.5000,0,,,1
1773164815.4456031,baseline,/pyfiles/module_46.py,0,142,irregular,0.5000,1,142,4096,1
1773164815.4456801,baseline,/pyfiles/module_46.py,142,0,irregular,0.5000,0,,,1
1773164815.445819,baseline,/pyfiles/module_47.py,0,142,irregular,0.5000,1,142,4096,1
1773164815.445887,baseline,/pyfiles/module_47.py,142,0,irregular,0.5000,0,,,1
1773164815.446021,baseline,/pyfiles/module_48.py,0,142,irregular,0.5000,1,142,4096,1
1773164815.446095,baseline,/pyfiles/module_48.py,142,0,irregular,0.5000,0,,,1
1773164815.446242,baseline,/pyfiles/module_49.py,0,142,irregular,0.5000,1,142,4096,1
1773164815.446313,baseline,/pyfiles/module_49.py,142,0,irregular,0.5000,0,,,1
1773164815.446445,baseline,/pyfiles/module_5.py,0,137,irregular,0.5000,1,137,4096,1
1773164815.446513,baseline,/pyfiles/module_5.py,137,0,irregular,0.5000,0,,,1
1773164815.446645,baseline,/pyfiles/module_50.py,0,142,irregular,0.5000,1,142,4096,1
1773164815.446713,baseline,/pyfiles/module_50.py,142,0,irregular,0.5000,0,,,1
1773164815.446867,baseline,/pyfiles/module_51.py,0,142,irregular,0.5000,1,142,4096,1
1773164815.446937,baseline,/pyfiles/module_51.py,142,0,irregular,0.5000,0,,,1
1773164815.447072,baseline,/pyfiles/module_52.py,0,142,irregular,0.5000,1,142,4096,1
1773164815.4471428,baseline,/pyfiles/module_52.py,142,0,irregular,0.5000,0,,,1
1773164815.4473238,baseline,/pyfiles/module_53.py,0,142,irregular,0.5000,1,142,4096,1
1773164815.447391,baseline,/pyfiles/module_53.py,142,0,irregular,0.5000,0,,,1
1773164815.447521,baseline,/pyfiles/module_54.py,0,142,irregular,0.5000,1,142,4096,1
1773164815.4475882,baseline,/pyfiles/module_54.py,142,0,irregular,0.5000,0,,,1
1773164815.447711,baseline,/pyfiles/module_55.py,0,142,irregular,0.5000,1,142,4096,1
1773164815.4477801,baseline,/pyfiles/module_55.py,142,0,irregular,0.5000,0,,,1
1773164815.4479098,baseline,/pyfiles/module_56.py,0,142,irregular,0.5000,1,142,4096,1
1773164815.447975,baseline,/pyfiles/module_56.py,142,0,irregular,0.5000,0,,,1
1773164815.448107,baseline,/pyfiles/module_57.py,0,142,irregular,0.5000,1,142,4096,1
1773164815.448171,baseline,/pyfiles/module_57.py,142,0,irregular,0.5000,0,,,1
1773164815.44832,baseline,/pyfiles/module_58.py,0,142,irregular,0.5000,1,142,4096,1
1773164815.448392,baseline,/pyfiles/module_58.py,142,0,irregular,0.5000,0,,,1
1773164815.448522,baseline,/pyfiles/module_59.py,0,142,irregular,0.5000,1,142,4096,1
1773164815.4485881,baseline,/pyfiles/module_59.py,142,0,irregular,0.5000,0,,,1
1773164815.4487119,baseline,/pyfiles/module_6.py,0,137,irregular,0.5000,1,137,4096,1
1773164815.4487748,baseline,/pyfiles/module_6.py,137,0,irregular,0.5000,0,,,1
1773164815.4489012,baseline,/pyfiles/module_60.py,0,142,irregular,0.5000,1,142,4096,1
1773164815.448967,baseline,/pyfiles/module_60.py,142,0,irregular,0.5000,0,,,1
1773164815.449088,baseline,/pyfiles/module_61.py,0,142,irregular,0.5000,1,142,4096,1
1773164815.449149,baseline,/pyfiles/module_61.py,142,0,irregular,0.5000,0,,,1
1773164815.44927,baseline,/pyfiles/module_62.py,0,142,irregular,0.5000,1,142,4096,1
1773164815.449335,baseline,/pyfiles/module_62.py,142,0,irregular,0.5000,0,,,1
1773164815.449476,baseline,/pyfiles/module_63.py,0,142,irregular,0.5000,1,142,4096,1
1773164815.449543,baseline,/pyfiles/module_63.py,142,0,irregular,0.5000,0,,,1
1773164815.4496682,baseline,/pyfiles/module_64.py,0,142,irregular,0.5000,1,142,4096,1
1773164815.449731,baseline,/pyfiles/module_64.py,142,0,irregular,0.5000,0,,,1
1773164815.449856,baseline,/pyfiles/module_65.py,0,142,irregular,0.5000,1,142,4096,1
1773164815.449919,baseline,/pyfiles/module_65.py,142,0,irregular,0.5000,0,,,1
1773164815.45004,baseline,/pyfiles/module_66.py,0,142,irregular,0.5000,1,142,4096,1
1773164815.450104,baseline,/pyfiles/module_66.py,142,0,irregular,0.5000,0,,,1
1773164815.4502342,baseline,/pyfiles/module_67.py,0,142,irregular,0.5000,1,142,4096,1
1773164815.4502988,baseline,/pyfiles/module_67.py,142,0,irregular,0.5000,0,,,1
1773164815.4504251,baseline,/pyfiles/module_68.py,0,142,irregular,0.5000,1,142,4096,1
1773164815.4504929,baseline,/pyfiles/module_68.py,142,0,irregular,0.5000,0,,,1
1773164815.4506292,baseline,/pyfiles/module_69.py,0,142,irregular,0.5000,1,142,4096,1
1773164815.450698,baseline,/pyfiles/module_69.py,142,0,irregular,0.5000,0,,,1
1773164815.450819,baseline,/pyfiles/module_7.py,0,137,irregular,0.5000,1,137,4096,1
1773164815.4508832,baseline,/pyfiles/module_7.py,137,0,irregular,0.5000,0,,,1
1773164815.4510038,baseline,/pyfiles/module_70.py,0,142,irregular,0.5000,1,142,4096,1
1773164815.45107,baseline,/pyfiles/module_70.py,142,0,irregular,0.5000,0,,,1
1773164815.45119,baseline,/pyfiles/module_71.py,0,142,irregular,0.5000,1,142,4096,1
1773164815.451253,baseline,/pyfiles/module_71.py,142,0,irregular,0.5000,0,,,1
1773164815.451385,baseline,/pyfiles/module_72.py,0,142,irregular,0.5000,1,142,4096,1
1773164815.45145,baseline,/pyfiles/module_72.py,142,0,irregular,0.5000,0,,,1
1773164815.4515798,baseline,/pyfiles/module_73.py,0,142,irregular,0.5000,1,142,4096,1
1773164815.451676,baseline,/pyfiles/module_73.py,142,0,irregular,0.5000,0,,,1
1773164815.451815,baseline,/pyfiles/module_74.py,0,142,irregular,0.5000,1,142,4096,1
1773164815.45189,baseline,/pyfiles/module_74.py,142,0,irregular,0.5000,0,,,1
1773164815.452019,baseline,/pyfiles/module_75.py,0,142,irregular,0.5000,1,142,4096,1
1773164815.452088,baseline,/pyfiles/module_75.py,142,0,irregular,0.5000,0,,,1
1773164815.45223,baseline,/pyfiles/module_76.py,0,142,irregular,0.5000,1,142,4096,1
1773164815.452306,baseline,/pyfiles/module_76.py,142,0,irregular,0.5000,0,,,1
1773164815.452432,baseline,/pyfiles/module_77.py,0,142,irregular,0.5000,1,142,4096,1
1773164815.452497,baseline,/pyfiles/module_77.py,142,0,irregular,0.5000,0,,,1
1773164815.452627,baseline,/pyfiles/module_78.py,0,142,irregular,0.5000,1,142,4096,1
1773164815.452706,baseline,/pyfiles/module_78.py,142,0,irregular,0.5000,0,,,1
1773164815.4528441,baseline,/pyfiles/module_79.py,0,142,irregular,0.5000,1,142,4096,1
1773164815.4529128,baseline,/pyfiles/module_79.py,142,0,irregular,0.5000,0,,,1
1773164815.4530518,baseline,/pyfiles/module_8.py,0,137,irregular,0.5000,1,137,4096,1
1773164815.453115,baseline,/pyfiles/module_8.py,137,0,irregular,0.5000,0,,,1
1773164815.453248,baseline,/pyfiles/module_80.py,0,142,irregular,0.5000,1,142,4096,1
1773164815.4533272,baseline,/pyfiles/module_80.py,142,0,irregular,0.5000,0,,,1
1773164815.453464,baseline,/pyfiles/module_81.py,0,142,irregular,0.5000,1,142,4096,1
1773164815.453535,baseline,/pyfiles/module_81.py,142,0,irregular,0.5000,0,,,1
1773164815.453668,baseline,/pyfiles/module_82.py,0,142,irregular,0.5000,1,142,4096,1
1773164815.4537349,baseline,/pyfiles/module_82.py,142,0,irregular,0.5000,0,,,1
1773164815.453862,baseline,/pyfiles/module_83.py,0,142,irregular,0.5000,1,142,4096,1
1773164815.453939,baseline,/pyfiles/module_83.py,142,0,irregular,0.5000,0,,,1
1773164815.454089,baseline,/pyfiles/module_84.py,0,142,irregular,0.5000,1,142,4096,1
1773164815.4541628,baseline,/pyfiles/module_84.py,142,0,irregular,0.5000,0,,,1
1773164815.4542909,baseline,/pyfiles/module_85.py,0,142,irregular,0.5000,1,142,4096,1
1773164815.45436,baseline,/pyfiles/module_85.py,142,0,irregular,0.5000,0,,,1
1773164815.454491,baseline,/pyfiles/module_86.py,0,142,irregular,0.5000,1,142,4096,1
1773164815.454562,baseline,/pyfiles/module_86.py,142,0,irregular,0.5000,0,,,1
1773164815.4546869,baseline,/pyfiles/module_87.py,0,142,irregular,0.5000,1,142,4096,1
1773164815.454756,baseline,/pyfiles/module_87.py,142,0,irregular,0.5000,0,,,1
1773164815.4548979,baseline,/pyfiles/module_88.py,0,142,irregular,0.5000,1,142,4096,1
1773164815.454967,baseline,/pyfiles/module_88.py,142,0,irregular,0.5000,0,,,1
1773164815.4551082,baseline,/pyfiles/module_89.py,0,142,irregular,0.5000,1,142,4096,1
1773164815.455175,baseline,/pyfiles/module_89.py,142,0,irregular,0.5000,0,,,1
1773164815.455307,baseline,/pyfiles/module_9.py,0,137,irregular,0.5000,1,137,4096,1
1773164815.4553769,baseline,/pyfiles/module_9.py,137,0,irregular,0.5000,0,,,1
1773164815.455503,baseline,/pyfiles/module_90.py,0,142,irregular,0.5000,1,142,4096,1
1773164815.455571,baseline,/pyfiles/module_90.py,142,0,irregular,0.5000,0,,,1
1773164815.4557009,baseline,/pyfiles/module_91.py,0,142,irregular,0.5000,1,142,4096,1
1773164815.45577,baseline,/pyfiles/module_91.py,142,0,irregular,0.5000,0,,,1
1773164815.4559,baseline,/pyfiles/module_92.py,0,142,irregular,0.5000,1,142,4096,1
1773164815.455967,baseline,/pyfiles/module_92.py,142,0,irregular,0.5000,0,,,1
1773164815.456109,baseline,/pyfiles/module_93.py,0,142,irregular,0.5000,1,142,4096,1
1773164815.456183,baseline,/pyfiles/module_93.py,142,0,irregular,0.5000,0,,,1
1773164815.4563131,baseline,/pyfiles/module_94.py,0,142,irregular,0.5000,1,142,4096,1
1773164815.45638,baseline,/pyfiles/module_94.py,142,0,irregular,0.5000,0,,,1
1773164815.456506,baseline,/pyfiles/module_95.py,0,142,irregular,0.5000,1,142,4096,1
1773164815.456577,baseline,/pyfiles/module_95.py,142,0,irregular,0.5000,0,,,1
1773164815.4567091,baseline,/pyfiles/module_96.py,0,142,irregular,0.5000,1,142,4096,1
1773164815.4568,baseline,/pyfiles/module_96.py,142,0,irregular,0.5000,0,,,1
1773164815.456925,baseline,/pyfiles/module_97.py,0,142,irregular,0.5000,1,142,4096,1
1773164815.456991,baseline,/pyfiles/module_97.py,142,0,irregular,0.5000,0,,,1
1773164815.4571168,baseline,/pyfiles/module_98.py,0,142,irregular,0.5000,1,142,4096,1
1773164815.457181,baseline,/pyfiles/module_98.py,142,0,irregular,0.5000,0,,,1
1773164815.457301,baseline,/pyfiles/module_99.py,0,142,irregular,0.5000,1,142,4096,1
1773164815.457371,baseline,/pyfiles/module_99.py,142,0,irregular,0.5000,0,,,1
