seq,timestamp,path,offset,size
53701,1773184037.8140705,/pyfiles/module_1.py,0,137
53702,1773184037.8142116,/pyfiles/module_1.py,137,0
53703,1773184037.8144438,/pyfiles/module_10.py,0,142
53704,1773184037.814497,/pyfiles/module_10.py,142,0
53705,1773184037.814594,/pyfiles/module_100.py,0,147
53706,1773184037.8146458,/pyfiles/module_100.py,147,0
53707,1773184037.8147373,/pyfiles/module_101.py,0,147
53708,1773184037.8147943,/pyfiles/module_101.py,147,0
53709,1773184037.8148885,/pyfiles/module_102.py,0,147
53710,1773184037.8149388,/pyfiles/module_102.py,147,0
53711,1773184037.8150291,/pyfiles/module_103.py,0,147
53712,1773184037.8150795,/pyfiles/module_103.py,147,0
53713,1773184037.8151696,/pyfiles/module_104.py,0,147
53714,1773184037.8152199,/pyfiles/module_104.py,147,0
53715,1773184037.8153102,/pyfiles/module_105.py,0,147
53716,1773184037.8153603,/pyfiles/module_105.py,147,0
53717,1773184037.8154507,/pyfiles/module_106.py,0,147
53718,1773184037.8155007,/pyfiles/module_106.py,147,0
53719,1773184037.8155913,/pyfiles/module_107.py,0,147
53720,1773184037.8156416,/pyfiles/module_107.py,147,0
53721,1773184037.815732,/pyfiles/module_108.py,0,147
53722,1773184037.8157825,/pyfiles/module_108.py,147,0
53723,1773184037.815873,/pyfiles/module_109.py,0,147
53724,1773184037.8159235,/pyfiles/module_109.py,147,0
53725,1773184037.8160136,/pyfiles/module_11.py,0,142
53726,1773184037.816064,/pyfiles/module_11.py,142,0
53727,1773184037.816154,/pyfiles/module_110.py,0,147
53728,1773184037.8162048,/pyfiles/module_110.py,147,0
53729,1773184037.8162951,/pyfiles/module_111.py,0,147
53730,1773184037.8163457,/pyfiles/module_111.py,147,0
53731,1773184037.8164363,/pyfiles/module_112.py,0,147
53732,1773184037.8164868,/pyfiles/module_112.py,147,0
53733,1773184037.816577,/pyfiles/module_113.py,0,147
53734,1773184037.816628,/pyfiles/module_113.py,147,0
53735,1773184037.8167188,/pyfiles/module_114.py,0,147
53736,1773184037.8167696,/pyfiles/module_114.py,147,0
53737,1773184037.8168597,/pyfiles/module_115.py,0,147
53738,1773184037.8169105,/pyfiles/module_115.py,147,0
53739,1773184037.8170009,/pyfiles/module_116.py,0,147
53740,1773184037.8170512,/pyfiles/module_116.py,147,0
53741,1773184037.817142,/pyfiles/module_117.py,0,147
53742,1773184037.817193,/pyfiles/module_117.py,147,0
53743,1773184037.8172839,/pyfiles/module_118.py,0,147
53744,1773184037.817335,/pyfiles/module_118.py,147,0
53745,1773184037.817426,/pyfiles/module_119.py,0,147
53746,1773184037.8174767,/pyfiles/module_119.py,147,0
53747,1773184037.8175685,/pyfiles/module_12.py,0,142
53748,1773184037.8176196,/pyfiles/module_12.py,142,0
53749,1773184037.8177106,/pyfiles/module_120.py,0,147
53750,1773184037.817762,/pyfiles/module_120.py,147,0
53751,1773184037.8178525,/pyfiles/module_121.py,0,147
53752,1773184037.8179033,/pyfiles/module_121.py,147,0
53753,1773184037.8179944,/pyfiles/module_122.py,0,147
53754,1773184037.8180513,/pyfiles/module_122.py,147,0
53755,1773184037.818143,/pyfiles/module_123.py,0,147
53756,1773184037.8181942,/pyfiles/module_123.py,147,0
53757,1773184037.818285,/pyfiles/module_124.py,0,147
53758,1773184037.8183362,/pyfiles/module_124.py,147,0
53759,1773184037.8184266,/pyfiles/module_125.py,0,147
53760,1773184037.818478,/pyfiles/module_125.py,147,0
53761,1773184037.818569,/pyfiles/module_126.py,0,147
53762,1773184037.8186204,/pyfiles/module_126.py,147,0
53763,1773184037.8187115,/pyfiles/module_127.py,0,147
53764,1773184037.818763,/pyfiles/module_127.py,147,0
53765,1773184037.8188667,/pyfiles/module_128.py,0,147
53766,1773184037.8189194,/pyfiles/module_128.py,147,0
53767,1773184037.819011,/pyfiles/module_129.py,0,147
53768,1773184037.8190627,/pyfiles/module_129.py,147,0
53769,1773184037.8191535,/pyfiles/module_13.py,0,142
53770,1773184037.8192053,/pyfiles/module_13.py,142,0
53771,1773184037.8192968,/pyfiles/module_130.py,0,147
53772,1773184037.8193486,/pyfiles/module_130.py,147,0
53773,1773184037.8194394,/pyfiles/module_131.py,0,147
53774,1773184037.819491,/pyfiles/module_131.py,147,0
53775,1773184037.819582,/pyfiles/module_132.py,0,147
53776,1773184037.8196387,/pyfiles/module_132.py,147,0
53777,1773184037.8197305,/pyfiles/module_133.py,0,147
53778,1773184037.8197823,/pyfiles/module_133.py,147,0
53779,1773184037.8198743,/pyfiles/module_134.py,0,147
53780,1773184037.8199263,/pyfiles/module_134.py,147,0
53781,1773184037.820028,/pyfiles/module_135.py,0,147
53782,1773184037.8200762,/pyfiles/module_135.py,147,0
53783,1773184037.8201616,/pyfiles/module_136.py,0,147
53784,1773184037.82021,/pyfiles/module_136.py,147,0
53785,1773184037.8202953,/pyfiles/module_137.py,0,147
53786,1773184037.820344,/pyfiles/module_137.py,147,0
53787,1773184037.82043,/pyfiles/module_138.py,0,147
53788,1773184037.8204784,/pyfiles/module_138.py,147,0
53789,1773184037.820564,/pyfiles/module_139.py,0,147
53790,1773184037.8206124,/pyfiles/module_139.py,147,0
53791,1773184037.8206978,/pyfiles/module_14.py,0,142
53792,1773184037.8207462,/pyfiles/module_14.py,142,0
53793,1773184037.8208315,/pyfiles/module_140.py,0,147
53794,1773184037.82088,/pyfiles/module_140.py,147,0
53795,1773184037.8209662,/pyfiles/module_141.py,0,147
53796,1773184037.8210146,/pyfiles/module_141.py,147,0
53797,1773184037.8210998,/pyfiles/module_142.py,0,147
53798,1773184037.8211486,/pyfiles/module_142.py,147,0
53799,1773184037.8212342,/pyfiles/module_143.py,0,147
53800,1773184037.8212829,/pyfiles/module_143.py,147,0
53801,1773184037.821369,/pyfiles/module_144.py,0,147
53802,1773184037.8214176,/pyfiles/module_144.py,147,0
53803,1773184037.821503,/pyfiles/module_145.py,0,147
53804,1773184037.821552,/pyfiles/module_145.py,147,0
53805,1773184037.8216376,/pyfiles/module_146.py,0,147
53806,1773184037.8216865,/pyfiles/module_146.py,147,0
53807,1773184037.8217766,/pyfiles/module_147.py,0,147
53808,1773184037.8218257,/pyfiles/module_147.py,147,0
53809,1773184037.8219118,/pyfiles/module_148.py,0,147
53810,1773184037.8219607,/pyfiles/module_148.py,147,0
53811,1773184037.8220468,/pyfiles/module_149.py,0,147
53812,1773184037.8220963,/pyfiles/module_149.py,147,0
53813,1773184037.8221824,/pyfiles/module_15.py,0,142
53814,1773184037.8222313,/pyfiles/module_15.py,142,0
53815,1773184037.8223171,/pyfiles/module_150.py,0,147
53816,1773184037.8223662,/pyfiles/module_150.py,147,0
53817,1773184037.822453,/pyfiles/module_151.py,0,147
53818,1773184037.8225021,/pyfiles/module_151.py,147,0
53819,1773184037.8225884,/pyfiles/module_152.py,0,147
53820,1773184037.8226376,/pyfiles/module_152.py,147,0
53821,1773184037.8227234,/pyfiles/module_153.py,0,147
53822,1773184037.8227773,/pyfiles/module_153.py,147,0
53823,1773184037.8228908,/pyfiles/module_154.py,0,147
53824,1773184037.8229294,/pyfiles/module_154.py,147,0
53825,1773184037.8230019,/pyfiles/module_155.py,0,147
53826,1773184037.8230407,/pyfiles/module_155.py,147,0
53827,1773184037.8231096,/pyfiles/module_156.py,0,147
53828,1773184037.8231459,/pyfiles/module_156.py,147,0
53829,1773184037.8232129,/pyfiles/module_157.py,0,147
53830,1773184037.8232496,/pyfiles/module_157.py,147,0
53831,1773184037.8233173,/pyfiles/module_158.py,0,147
53832,1773184037.8233538,/pyfiles/module_158.py,147,0
53833,1773184037.8234212,/pyfiles/module_159.py,0,147
53834,1773184037.823457,/pyfiles/module_159.py,147,0
53835,1773184037.8235233,/pyfiles/module_16.py,0,142
53836,1773184037.8235595,/pyfiles/module_16.py,142,0
53837,1773184037.8236263,/pyfiles/module_160.py,0,147
53838,1773184037.8236628,/pyfiles/module_160.py,147,0
53839,1773184037.8237288,/pyfiles/module_161.py,0,147
53840,1773184037.8237655,/pyfiles/module_161.py,147,0
53841,1773184037.823831,/pyfiles/module_162.py,0,147
53842,1773184037.8238673,/pyfiles/module_162.py,147,0
53843,1773184037.8239331,/pyfiles/module_163.py,0,147
53844,1773184037.8239691,/pyfiles/module_163.py,147,0
53845,1773184037.824035,/pyfiles/module_164.py,0,147
53846,1773184037.824071,/pyfiles/module_164.py,147,0
53847,1773184037.8241367,/pyfiles/module_165.py,0,147
53848,1773184037.824173,/pyfiles/module_165.py,147,0
53849,1773184037.8242393,/pyfiles/module_166.py,0,147
53850,1773184037.8242755,/pyfiles/module_166.py,147,0
53851,1773184037.8243468,/pyfiles/module_167.py,0,147
53852,1773184037.8243835,/pyfiles/module_167.py,147,0
53853,1773184037.8244507,/pyfiles/module_168.py,0,147
53854,1773184037.8244872,/pyfiles/module_168.py,147,0
53855,1773184037.8245533,/pyfiles/module_169.py,0,147
53856,1773184037.8245895,/pyfiles/module_169.py,147,0
53857,1773184037.8246558,/pyfiles/module_17.py,0,142
53858,1773184037.8246922,/pyfiles/module_17.py,142,0
53859,1773184037.8247588,/pyfiles/module_170.py,0,147
53860,1773184037.8247955,/pyfiles/module_170.py,147,0
53861,1773184037.8248656,/pyfiles/module_171.py,0,147
53862,1773184037.824902,/pyfiles/module_171.py,147,0
53863,1773184037.8249679,/pyfiles/module_172.py,0,147
53864,1773184037.8250043,/pyfiles/module_172.py,147,0
53865,1773184037.8250709,/pyfiles/module_173.py,0,147
53866,1773184037.825107,/pyfiles/module_173.py,147,0
53867,1773184037.825174,/pyfiles/module_174.py,0,147
53868,1773184037.82521,/pyfiles/module_174.py,147,0
53869,1773184037.8252766,/pyfiles/module_175.py,0,147
53870,1773184037.825313,/pyfiles/module_175.py,147,0
53871,1773184037.82538,/pyfiles/module_176.py,0,147
53872,1773184037.8254166,/pyfiles/module_176.py,147,0
53873,1773184037.8254833,/pyfiles/module_177.py,0,147
53874,1773184037.8255193,/pyfiles/module_177.py,147,0
53875,1773184037.8255868,/pyfiles/module_178.py,0,147
53876,1773184037.8256228,/pyfiles/module_178.py,147,0
53877,1773184037.8256893,/pyfiles/module_179.py,0,147
53878,1773184037.825726,/pyfiles/module_179.py,147,0
53879,1773184037.825793,/pyfiles/module_18.py,0,142
53880,1773184037.825829,/pyfiles/module_18.py,142,0
53881,1773184037.825897,/pyfiles/module_180.py,0,147
53882,1773184037.8259327,/pyfiles/module_180.py,147,0
53883,1773184037.8259995,/pyfiles/module_181.py,0,147
53884,1773184037.8260362,/pyfiles/module_181.py,147,0
53885,1773184037.8261027,/pyfiles/module_182.py,0,147
53886,1773184037.8261397,/pyfiles/module_182.py,147,0
53887,1773184037.826206,/pyfiles/module_183.py,0,147
53888,1773184037.8262422,/pyfiles/module_183.py,147,0
53889,1773184037.826309,/pyfiles/module_184.py,0,147
53890,1773184037.8263457,/pyfiles/module_184.py,147,0
53891,1773184037.8264124,/pyfiles/module_185.py,0,147
53892,1773184037.826449,/pyfiles/module_185.py,147,0
53893,1773184037.8265164,/pyfiles/module_186.py,0,147
53894,1773184037.826553,/pyfiles/module_186.py,147,0
53895,1773184037.8266196,/pyfiles/module_187.py,0,147
53896,1773184037.8266563,/pyfiles/module_187.py,147,0
53897,1773184037.8267238,/pyfiles/module_188.py,0,147
53898,1773184037.8267605,/pyfiles/module_188.py,147,0
53899,1773184037.826876,/pyfiles/module_189.py,0,147
53900,1773184037.8269138,/pyfiles/module_189.py,147,0
53901,1773184037.8269806,/pyfiles/module_19.py,0,142
53902,1773184037.827017,/pyfiles/module_19.py,142,0
53903,1773184037.827083,/pyfiles/module_190.py,0,147
53904,1773184037.827119,/pyfiles/module_190.py,147,0
53905,1773184037.827185,/pyfiles/module_191.py,0,147
53906,1773184037.8272212,/pyfiles/module_191.py,147,0
53907,1773184037.827288,/pyfiles/module_192.py,0,147
53908,1773184037.8273242,/pyfiles/module_192.py,147,0
53909,1773184037.8273907,/pyfiles/module_193.py,0,147
53910,1773184037.8274276,/pyfiles/module_193.py,147,0
53911,1773184037.8274932,/pyfiles/module_194.py,0,147
53912,1773184037.8275292,/pyfiles/module_194.py,147,0
53913,1773184037.8275952,/pyfiles/module_195.py,0,147
53914,1773184037.8276358,/pyfiles/module_195.py,147,0
53915,1773184037.8277023,/pyfiles/module_196.py,0,147
53916,1773184037.8277385,/pyfiles/module_196.py,147,0
53917,1773184037.8278043,/pyfiles/module_197.py,0,147
53918,1773184037.8278406,/pyfiles/module_197.py,147,0
53919,1773184037.827906,/pyfiles/module_198.py,0,147
53920,1773184037.827942,/pyfiles/module_198.py,147,0
53921,1773184037.8280077,/pyfiles/module_199.py,0,147
53922,1773184037.828044,/pyfiles/module_199.py,147,0
53923,1773184037.8281097,/pyfiles/module_2.py,0,137
53924,1773184037.8281462,/pyfiles/module_2.py,137,0
53925,1773184037.8282123,/pyfiles/module_20.py,0,142
53926,1773184037.8282533,/pyfiles/module_20.py,142,0
53927,1773184037.8283203,/pyfiles/module_200.py,0,147
53928,1773184037.8283575,/pyfiles/module_200.py,147,0
53929,1773184037.828423,/pyfiles/module_21.py,0,142
53930,1773184037.8284595,/pyfiles/module_21.py,142,0
53931,1773184037.8285253,/pyfiles/module_22.py,0,142
53932,1773184037.828562,/pyfiles/module_22.py,142,0
53933,1773184037.8286278,/pyfiles/module_23.py,0,142
53934,1773184037.828664,/pyfiles/module_23.py,142,0
53935,1773184037.8287303,/pyfiles/module_24.py,0,142
53936,1773184037.828767,/pyfiles/module_24.py,142,0
53937,1773184037.8288336,/pyfiles/module_25.py,0,142
53938,1773184037.8288698,/pyfiles/module_25.py,142,0
53939,1773184037.8289359,/pyfiles/module_26.py,0,142
53940,1773184037.8289726,/pyfiles/module_26.py,142,0
53941,1773184037.8290384,/pyfiles/module_27.py,0,142
53942,1773184037.8290746,/pyfiles/module_27.py,142,0
53943,1773184037.829141,/pyfiles/module_28.py,0,142
53944,1773184037.8291774,/pyfiles/module_28.py,142,0
53945,1773184037.8292444,/pyfiles/module_29.py,0,142
53946,1773184037.829281,/pyfiles/module_29.py,142,0
53947,1773184037.8293471,/pyfiles/module_3.py,0,137
53948,1773184037.8293839,/pyfiles/module_3.py,137,0
53949,1773184037.8294501,/pyfiles/module_30.py,0,142
53950,1773184037.8294868,/pyfiles/module_30.py,142,0
53951,1773184037.8295538,/pyfiles/module_31.py,0,142
53952,1773184037.8295906,/pyfiles/module_31.py,142,0
53953,1773184037.8296566,/pyfiles/module_32.py,0,142
53954,1773184037.829693,/pyfiles/module_32.py,142,0
53955,1773184037.8297591,/pyfiles/module_33.py,0,142
53956,1773184037.8297954,/pyfiles/module_33.py,142,0
53957,1773184037.8298612,/pyfiles/module_34.py,0,142
53958,1773184037.8298984,/pyfiles/module_34.py,142,0
53959,1773184037.829964,/pyfiles/module_35.py,0,142
53960,1773184037.8300006,/pyfiles/module_35.py,142,0
53961,1773184037.8300672,/pyfiles/module_36.py,0,142
53962,1773184037.8301039,/pyfiles/module_36.py,142,0
53963,1773184037.8301702,/pyfiles/module_37.py,0,142
53964,1773184037.8302069,/pyfiles/module_37.py,142,0
53965,1773184037.8302727,/pyfiles/module_38.py,0,142
53966,1773184037.8303096,/pyfiles/module_38.py,142,0
53967,1773184037.830376,/pyfiles/module_39.py,0,142
53968,1773184037.8304167,/pyfiles/module_39.py,142,0
53969,1773184037.8304834,/pyfiles/module_4.py,0,137
53970,1773184037.8305206,/pyfiles/module_4.py,137,0
53971,1773184037.8305883,/pyfiles/module_40.py,0,142
53972,1773184037.8306253,/pyfiles/module_40.py,142,0
53973,1773184037.8306916,/pyfiles/module_41.py,0,142
53974,1773184037.8307285,/pyfiles/module_41.py,142,0
53975,1773184037.8308372,/pyfiles/module_42.py,0,142
53976,1773184037.8308764,/pyfiles/module_42.py,142,0
53977,1773184037.8309438,/pyfiles/module_43.py,0,142
53978,1773184037.8309803,/pyfiles/module_43.py,142,0
53979,1773184037.831047,/pyfiles/module_44.py,0,142
53980,1773184037.8310835,/pyfiles/module_44.py,142,0
53981,1773184037.83115,/pyfiles/module_45.py,0,142
53982,1773184037.8311868,/pyfiles/module_45.py,142,0
53983,1773184037.831253,/pyfiles/module_46.py,0,142
53984,1773184037.8312893,/pyfiles/module_46.py,142,0
53985,1773184037.8313558,/pyfiles/module_47.py,0,142
53986,1773184037.8313923,/pyfiles/module_47.py,142,0
53987,1773184037.831459,/pyfiles/module_48.py,0,142
53988,1773184037.831496,/pyfiles/module_48.py,142,0
53989,1773184037.8315623,/pyfiles/module_49.py,0,142
53990,1773184037.831599,/pyfiles/module_49.py,142,0
53991,1773184037.8316658,/pyfiles/module_5.py,0,137
53992,1773184037.8317022,/pyfiles/module_5.py,137,0
53993,1773184037.8317688,/pyfiles/module_50.py,0,142
53994,1773184037.8318055,/pyfiles/module_50.py,142,0
53995,1773184037.8318717,/pyfiles/module_51.py,0,142
53996,1773184037.8319087,/pyfiles/module_51.py,142,0
53997,1773184037.8319755,/pyfiles/module_52.py,0,142
53998,1773184037.8320131,/pyfiles/module_52.py,142,0
53999,1773184037.8320804,/pyfiles/module_53.py,0,142
54000,1773184037.8321176,/pyfiles/module_53.py,142,0
54001,1773184037.832184,/pyfiles/module_54.py,0,142
54002,1773184037.8322256,/pyfiles/module_54.py,142,0
54003,1773184037.832292,/pyfiles/module_55.py,0,142
54004,1773184037.8323295,/pyfiles/module_55.py,142,0
54005,1773184037.8323963,/pyfiles/module_56.py,0,142
54006,1773184037.8324335,/pyfiles/module_56.py,142,0
54007,1773184037.832501,/pyfiles/module_57.py,0,142
54008,1773184037.832538,/pyfiles/module_57.py,142,0
54009,1773184037.8326054,/pyfiles/module_58.py,0,142
54010,1773184037.8326426,/pyfiles/module_58.py,142,0
54011,1773184037.8327098,/pyfiles/module_59.py,0,142
54012,1773184037.8327467,/pyfiles/module_59.py,142,0
54013,1773184037.8328137,/pyfiles/module_6.py,0,137
54014,1773184037.8328514,/pyfiles/module_6.py,137,0
54015,1773184037.8329182,/pyfiles/module_60.py,0,142
54016,1773184037.8329556,/pyfiles/module_60.py,142,0
54017,1773184037.8330224,/pyfiles/module_61.py,0,142
54018,1773184037.8330593,/pyfiles/module_61.py,142,0
54019,1773184037.8331254,/pyfiles/module_62.py,0,142
54020,1773184037.8331625,/pyfiles/module_62.py,142,0
54021,1773184037.833229,/pyfiles/module_63.py,0,142
54022,1773184037.83327,/pyfiles/module_63.py,142,0
54023,1773184037.8333375,/pyfiles/module_64.py,0,142
54024,1773184037.8333743,/pyfiles/module_64.py,142,0
54025,1773184037.8334405,/pyfiles/module_65.py,0,142
54026,1773184037.833478,/pyfiles/module_65.py,142,0
54027,1773184037.8335447,/pyfiles/module_66.py,0,142
54028,1773184037.833582,/pyfiles/module_66.py,142,0
54029,1773184037.8336499,/pyfiles/module_67.py,0,142
54030,1773184037.8336878,/pyfiles/module_67.py,142,0
54031,1773184037.8337564,/pyfiles/module_68.py,0,142
54032,1773184037.8337939,/pyfiles/module_68.py,142,0
54033,1773184037.8338614,/pyfiles/module_69.py,0,142
54034,1773184037.8338988,/pyfiles/module_69.py,142,0
54035,1773184037.833966,/pyfiles/module_7.py,0,137
54036,1773184037.8340032,/pyfiles/module_7.py,137,0
54037,1773184037.8340702,/pyfiles/module_70.py,0,142
54038,1773184037.8341074,/pyfiles/module_70.py,142,0
54039,1773184037.8341742,/pyfiles/module_71.py,0,142
54040,1773184037.8342113,/pyfiles/module_71.py,142,0
54041,1773184037.8342786,/pyfiles/module_72.py,0,142
54042,1773184037.8343158,/pyfiles/module_72.py,142,0
54043,1773184037.8343828,/pyfiles/module_73.py,0,142
54044,1773184037.8344202,/pyfiles/module_73.py,142,0
54045,1773184037.8344872,/pyfiles/module_74.py,0,142
54046,1773184037.8345246,/pyfiles/module_74.py,142,0
54047,1773184037.8345914,/pyfiles/module_75.py,0,142
54048,1773184037.8346286,/pyfiles/module_75.py,142,0
54049,1773184037.834695,/pyfiles/module_76.py,0,142
54050,1773184037.8347323,/pyfiles/module_76.py,142,0
54051,1773184037.8348408,/pyfiles/module_77.py,0,142
54052,1773184037.8348806,/pyfiles/module_77.py,142,0
54053,1773184037.8349476,/pyfiles/module_78.py,0,142
54054,1773184037.8349853,/pyfiles/module_78.py,142,0
54055,1773184037.8350525,/pyfiles/module_79.py,0,142
54056,1773184037.8350897,/pyfiles/module_79.py,142,0
54057,1773184037.835156,/pyfiles/module_8.py,0,137
54058,1773184037.8351936,/pyfiles/module_8.py,137,0
54059,1773184037.8352606,/pyfiles/module_80.py,0,142
54060,1773184037.8352983,/pyfiles/module_80.py,142,0
54061,1773184037.8353653,/pyfiles/module_81.py,0,142
54062,1773184037.835403,/pyfiles/module_81.py,142,0
54063,1773184037.8354707,/pyfiles/module_82.py,0,142
54064,1773184037.8355086,/pyfiles/module_82.py,142,0
54065,1773184037.835576,/pyfiles/module_83.py,0,142
54066,1773184037.8356135,/pyfiles/module_83.py,142,0
54067,1773184037.8356817,/pyfiles/module_84.py,0,142
54068,1773184037.8357196,/pyfiles/module_84.py,142,0
54069,1773184037.835787,/pyfiles/module_85.py,0,142
54070,1773184037.8358247,/pyfiles/module_85.py,142,0
54071,1773184037.8358922,/pyfiles/module_86.py,0,142
54072,1773184037.83593,/pyfiles/module_86.py,142,0
54073,1773184037.8359973,/pyfiles/module_87.py,0,142
54074,1773184037.8360355,/pyfiles/module_87.py,142,0
54075,1773184037.8361037,/pyfiles/module_88.py,0,142
54076,1773184037.8361454,/pyfiles/module_88.py,142,0
54077,1773184037.8362136,/pyfiles/module_89.py,0,142
54078,1773184037.8362517,/pyfiles/module_89.py,142,0
54079,1773184037.8363237,/pyfiles/module_9.py,0,137
54080,1773184037.836362,/pyfiles/module_9.py,137,0
54081,1773184037.8364296,/pyfiles/module_90.py,0,142
54082,1773184037.8364677,/pyfiles/module_90.py,142,0
54083,1773184037.8365352,/pyfiles/module_91.py,0,142
54084,1773184037.8365731,/pyfiles/module_91.py,142,0
54085,1773184037.8366413,/pyfiles/module_92.py,0,142
54086,1773184037.8366795,/pyfiles/module_92.py,142,0
54087,1773184037.8367465,/pyfiles/module_93.py,0,142
54088,1773184037.836784,/pyfiles/module_93.py,142,0
54089,1773184037.836852,/pyfiles/module_94.py,0,142
54090,1773184037.8368902,/pyfiles/module_94.py,142,0
54091,1773184037.8369582,/pyfiles/module_95.py,0,142
54092,1773184037.836996,/pyfiles/module_95.py,142,0
54093,1773184037.8370633,/pyfiles/module_96.py,0,142
54094,1773184037.837101,/pyfiles/module_96.py,142,0
54095,1773184037.837169,/pyfiles/module_97.py,0,142
54096,1773184037.8372068,/pyfiles/module_97.py,142,0
54097,1773184037.837275,/pyfiles/module_98.py,0,142
54098,1773184037.837313,/pyfiles/module_98.py,142,0
54099,1773184037.8373804,/pyfiles/module_99.py,0,142
54100,1773184037.8374183,/pyfiles/module_99.py,142,0
