run_index,run_label,mode,workload,timestamp,path,offset,size,phase,confidence,prefetch,prefetch_offset,prefetch_size,prefetch_depth
121,121_baseline_sequential_run01,baseline,sequential,1773854664.594205,/big.txt,0,65536,unknown,0.0000,1,65536,4096,1
121,121_baseline_sequential_run01,baseline,sequential,1773854664.594497,/big.txt,65536,65536,sequential,1.0000,1,131072,4096,1
121,121_baseline_sequential_run01,baseline,sequential,1773854664.594671,/big.txt,131072,65536,sequential,1.0000,1,196608,4096,1
121,121_baseline_sequential_run01,baseline,sequential,1773854664.5948968,/big.txt,196608,65536,sequential,1.0000,1,262144,4096,1
121,121_baseline_sequential_run01,baseline,sequential,1773854664.594995,/big.txt,262144,65536,sequential,1.0000,1,327680,4096,1
121,121_baseline_sequential_run01,baseline,sequential,1773854664.5952141,/big.txt,327680,65536,sequential,1.0000,1,393216,4096,1
121,121_baseline_sequential_run01,baseline,sequential,1773854664.5957959,/big.txt,393216,65536,sequential,1.0000,1,458752,4096,1
121,121_baseline_sequential_run01,baseline,sequential,1773854664.595895,/big.txt,458752,65536,sequential,1.0000,1,524288,4096,1
121,121_baseline_sequential_run01,baseline,sequential,1773854664.596095,/big.txt,524288,65536,sequential,1.0000,1,589824,4096,1
121,121_baseline_sequential_run01,baseline,sequential,1773854664.596235,/big.txt,589824,65536,sequential,1.0000,1,655360,4096,1
121,121_baseline_sequential_run01,baseline,sequential,1773854664.596382,/big.txt,655360,65536,sequential,1.0000,1,720896,4096,1
121,121_baseline_sequential_run01,baseline,sequential,1773854664.5964959,/big.txt,720896,65536,sequential,1.0000,1,786432,4096,1
121,121_baseline_sequential_run01,baseline,sequential,1773854664.59657,/big.txt,786432,65536,sequential,1.0000,1,851968,4096,1
121,121_baseline_sequential_run01,baseline,sequential,1773854664.5966249,/big.txt,851968,65536,sequential,1.0000,1,917504,4096,1
121,121_baseline_sequential_run01,baseline,sequential,1773854664.5966778,/big.txt,917504,65536,sequential,1.0000,1,983040,4096,1
121,121_baseline_sequential_run01,baseline,sequential,1773854664.596729,/big.txt,983040,65536,sequential,1.0000,1,1048576,4096,1
121,121_baseline_sequential_run01,baseline,sequential,1773854664.596779,/big.txt,1048576,65536,sequential,1.0000,1,1114112,4096,1
121,121_baseline_sequential_run01,baseline,sequential,1773854664.596831,/big.txt,1114112,65536,sequential,1.0000,1,1179648,4096,1
121,121_baseline_sequential_run01,baseline,sequential,1773854664.596881,/big.txt,1179648,65536,sequential,1.0000,1,1245184,4096,1
121,121_baseline_sequential_run01,baseline,sequential,1773854664.59798,/big.txt,1245184,65536,sequential,1.0000,1,1310720,4096,1
121,121_baseline_sequential_run01,baseline,sequential,1773854664.598051,/big.txt,1310720,65536,sequential,1.0000,1,1376256,4096,1
121,121_baseline_sequential_run01,baseline,sequential,1773854664.5981178,/big.txt,1376256,65536,sequential,1.0000,1,1441792,4096,1
121,121_baseline_sequential_run01,baseline,sequential,1773854664.598167,/big.txt,1441792,65536,sequential,1.0000,1,1507328,4096,1
121,121_baseline_sequential_run01,baseline,sequential,1773854664.5982158,/big.txt,1507328,65536,sequential,1.0000,1,1572864,4096,1
121,121_baseline_sequential_run01,baseline,sequential,1773854664.598264,/big.txt,1572864,65536,sequential,1.0000,1,1638400,4096,1
121,121_baseline_sequential_run01,baseline,sequential,1773854664.59834,/big.txt,1638400,65536,sequential,1.0000,1,1703936,4096,1
121,121_baseline_sequential_run01,baseline,sequential,1773854664.598388,/big.txt,1703936,65536,sequential,1.0000,1,1769472,4096,1
121,121_baseline_sequential_run01,baseline,sequential,1773854664.598434,/big.txt,1769472,65536,sequential,1.0000,1,1835008,4096,1
121,121_baseline_sequential_run01,baseline,sequential,1773854664.5984771,/big.txt,1835008,65536,sequential,1.0000,1,1900544,4096,1
121,121_baseline_sequential_run01,baseline,sequential,1773854664.598523,/big.txt,1900544,65536,sequential,1.0000,1,1966080,4096,1
121,121_baseline_sequential_run01,baseline,sequential,1773854664.598568,/big.txt,1966080,65536,sequential,1.0000,1,2031616,4096,1
121,121_baseline_sequential_run01,baseline,sequential,1773854664.598627,/big.txt,2031616,65536,sequential,1.0000,1,2097152,4096,1
121,121_baseline_sequential_run01,baseline,sequential,1773854664.598677,/big.txt,2097152,65536,sequential,1.0000,1,2162688,4096,1
121,121_baseline_sequential_run01,baseline,sequential,1773854664.598727,/big.txt,2162688,65536,sequential,1.0000,1,2228224,4096,1
121,121_baseline_sequential_run01,baseline,sequential,1773854664.598774,/big.txt,2228224,65536,sequential,1.0000,1,2293760,4096,1
121,121_baseline_sequential_run01,baseline,sequential,1773854664.598819,/big.txt,2293760,65536,sequential,1.0000,1,2359296,4096,1
121,121_baseline_sequential_run01,baseline,sequential,1773854664.599228,/big.txt,2359296,65536,sequential,1.0000,1,2424832,4096,1
121,121_baseline_sequential_run01,baseline,sequential,1773854664.5992892,/big.txt,2424832,65536,sequential,1.0000,1,2490368,4096,1
121,121_baseline_sequential_run01,baseline,sequential,1773854664.599371,/big.txt,2490368,65536,sequential,1.0000,1,2555904,4096,1
121,121_baseline_sequential_run01,baseline,sequential,1773854664.599437,/big.txt,2555904,65536,sequential,1.0000,1,2621440,4096,1
121,121_baseline_sequential_run01,baseline,sequential,1773854664.599531,/big.txt,2621440,65536,sequential,1.0000,1,2686976,4096,1
121,121_baseline_sequential_run01,baseline,sequential,1773854664.599603,/big.txt,2686976,65536,sequential,1.0000,1,2752512,4096,1
121,121_baseline_sequential_run01,baseline,sequential,1773854664.599678,/big.txt,2752512,65536,sequential,1.0000,1,2818048,4096,1
121,121_baseline_sequential_run01,baseline,sequential,1773854664.599778,/big.txt,2818048,65536,sequential,1.0000,1,2883584,4096,1
121,121_baseline_sequential_run01,baseline,sequential,1773854664.599913,/big.txt,2883584,65536,sequential,1.0000,1,2949120,4096,1
121,121_baseline_sequential_run01,baseline,sequential,1773854664.600065,/big.txt,2949120,65536,sequential,1.0000,1,3014656,4096,1
121,121_baseline_sequential_run01,baseline,sequential,1773854664.600241,/big.txt,3014656,65536,sequential,1.0000,1,3080192,4096,1
121,121_baseline_sequential_run01,baseline,sequential,1773854664.60032,/big.txt,3080192,65536,sequential,1.0000,1,3145728,4096,1
121,121_baseline_sequential_run01,baseline,sequential,1773854664.600399,/big.txt,3145728,65536,sequential,1.0000,1,3211264,4096,1
121,121_baseline_sequential_run01,baseline,sequential,1773854664.600451,/big.txt,3211264,65536,sequential,1.0000,1,3276800,4096,1
121,121_baseline_sequential_run01,baseline,sequential,1773854664.6005309,/big.txt,3276800,65536,sequential,1.0000,1,3342336,4096,1
121,121_baseline_sequential_run01,baseline,sequential,1773854664.600595,/big.txt,3342336,65536,sequential,1.0000,1,3407872,4096,1
121,121_baseline_sequential_run01,baseline,sequential,1773854664.600648,/big.txt,3407872,65536,sequential,1.0000,1,3473408,4096,1
121,121_baseline_sequential_run01,baseline,sequential,1773854664.600698,/big.txt,3473408,65536,sequential,1.0000,1,3538944,4096,1
121,121_baseline_sequential_run01,baseline,sequential,1773854664.600749,/big.txt,3538944,65536,sequential,1.0000,1,3604480,4096,1
121,121_baseline_sequential_run01,baseline,sequential,1773854664.600797,/big.txt,3604480,65536,sequential,1.0000,1,3670016,4096,1
121,121_baseline_sequential_run01,baseline,sequential,1773854664.600849,/big.txt,3670016,65536,sequential,1.0000,1,3735552,4096,1
121,121_baseline_sequential_run01,baseline,sequential,1773854664.600896,/big.txt,3735552,65536,sequential,1.0000,1,3801088,4096,1
121,121_baseline_sequential_run01,baseline,sequential,1773854664.6009421,/big.txt,3801088,65536,sequential,1.0000,1,3866624,4096,1
121,121_baseline_sequential_run01,baseline,sequential,1773854664.600988,/big.txt,3866624,65536,sequential,1.0000,1,3932160,4096,1
121,121_baseline_sequential_run01,baseline,sequential,1773854664.603061,/big.txt,3932160,65536,sequential,1.0000,1,3997696,4096,1
121,121_baseline_sequential_run01,baseline,sequential,1773854664.603112,/big.txt,3997696,65536,sequential,1.0000,1,4063232,4096,1
121,121_baseline_sequential_run01,baseline,sequential,1773854664.6031628,/big.txt,4063232,65536,sequential,1.0000,1,4128768,4096,1
121,121_baseline_sequential_run01,baseline,sequential,1773854664.603209,/big.txt,4128768,65536,sequential,1.0000,1,4194304,4096,1
121,121_baseline_sequential_run01,baseline,sequential,1773854664.6032598,/big.txt,4194304,65536,sequential,1.0000,1,4259840,4096,1
121,121_baseline_sequential_run01,baseline,sequential,1773854664.603306,/big.txt,4259840,65536,sequential,1.0000,1,4325376,4096,1
121,121_baseline_sequential_run01,baseline,sequential,1773854664.603352,/big.txt,4325376,65536,sequential,1.0000,1,4390912,4096,1
121,121_baseline_sequential_run01,baseline,sequential,1773854664.6033988,/big.txt,4390912,65536,sequential,1.0000,1,4456448,4096,1
121,121_baseline_sequential_run01,baseline,sequential,1773854664.6034439,/big.txt,4456448,65536,sequential,1.0000,1,4521984,4096,1
121,121_baseline_sequential_run01,baseline,sequential,1773854664.60349,/big.txt,4521984,65536,sequential,1.0000,1,4587520,4096,1
121,121_baseline_sequential_run01,baseline,sequential,1773854664.603534,/big.txt,4587520,65536,sequential,1.0000,1,4653056,4096,1
121,121_baseline_sequential_run01,baseline,sequential,1773854664.6035788,/big.txt,4653056,65536,sequential,1.0000,1,4718592,4096,1
121,121_baseline_sequential_run01,baseline,sequential,1773854664.6036239,/big.txt,4718592,65536,sequential,1.0000,1,4784128,4096,1
121,121_baseline_sequential_run01,baseline,sequential,1773854664.603668,/big.txt,4784128,65536,sequential,1.0000,1,4849664,4096,1
121,121_baseline_sequential_run01,baseline,sequential,1773854664.603713,/big.txt,4849664,65536,sequential,1.0000,1,4915200,4096,1
121,121_baseline_sequential_run01,baseline,sequential,1773854664.6037571,/big.txt,4915200,65536,sequential,1.0000,1,4980736,4096,1
121,121_baseline_sequential_run01,baseline,sequential,1773854664.603801,/big.txt,4980736,65536,sequential,1.0000,1,5046272,4096,1
121,121_baseline_sequential_run01,baseline,sequential,1773854664.6038458,/big.txt,5046272,65536,sequential,1.0000,1,5111808,4096,1
121,121_baseline_sequential_run01,baseline,sequential,1773854664.60389,/big.txt,5111808,65536,sequential,1.0000,1,5177344,4096,1
121,121_baseline_sequential_run01,baseline,sequential,1773854664.603934,/big.txt,5177344,65536,sequential,1.0000,1,5242880,4096,1
121,121_baseline_sequential_run01,baseline,sequential,1773854664.603979,/big.txt,5242880,65536,sequential,1.0000,1,5308416,4096,1
121,121_baseline_sequential_run01,baseline,sequential,1773854664.604026,/big.txt,5308416,65536,sequential,1.0000,1,5373952,4096,1
121,121_baseline_sequential_run01,baseline,sequential,1773854664.6040761,/big.txt,5373952,65536,sequential,1.0000,1,5439488,4096,1
121,121_baseline_sequential_run01,baseline,sequential,1773854664.6041222,/big.txt,5439488,65536,sequential,1.0000,1,5505024,4096,1
121,121_baseline_sequential_run01,baseline,sequential,1773854664.604168,/big.txt,5505024,65536,sequential,1.0000,1,5570560,4096,1
121,121_baseline_sequential_run01,baseline,sequential,1773854664.604212,/big.txt,5570560,65536,sequential,1.0000,1,5636096,4096,1
121,121_baseline_sequential_run01,baseline,sequential,1773854664.604258,/big.txt,5636096,65536,sequential,1.0000,1,5701632,4096,1
121,121_baseline_sequential_run01,baseline,sequential,1773854664.6043031,/big.txt,5701632,65536,sequential,1.0000,1,5767168,4096,1
121,121_baseline_sequential_run01,baseline,sequential,1773854664.604346,/big.txt,5767168,65536,sequential,1.0000,1,5832704,4096,1
121,121_baseline_sequential_run01,baseline,sequential,1773854664.6043909,/big.txt,5832704,65536,sequential,1.0000,1,5898240,4096,1
121,121_baseline_sequential_run01,baseline,sequential,1773854664.604434,/big.txt,5898240,65536,sequential,1.0000,1,5963776,4096,1
121,121_baseline_sequential_run01,baseline,sequential,1773854664.604479,/big.txt,5963776,65536,sequential,1.0000,1,6029312,4096,1
121,121_baseline_sequential_run01,baseline,sequential,1773854664.604526,/big.txt,6029312,65536,sequential,1.0000,1,6094848,4096,1
121,121_baseline_sequential_run01,baseline,sequential,1773854664.604573,/big.txt,6094848,65536,sequential,1.0000,1,6160384,4096,1
121,121_baseline_sequential_run01,baseline,sequential,1773854664.6046169,/big.txt,6160384,65536,sequential,1.0000,1,6225920,4096,1
121,121_baseline_sequential_run01,baseline,sequential,1773854664.60466,/big.txt,6225920,65536,sequential,1.0000,1,6291456,4096,1
121,121_baseline_sequential_run01,baseline,sequential,1773854664.604705,/big.txt,6291456,65536,sequential,1.0000,1,6356992,4096,1
121,121_baseline_sequential_run01,baseline,sequential,1773854664.604749,/big.txt,6356992,65536,sequential,1.0000,1,6422528,4096,1
121,121_baseline_sequential_run01,baseline,sequential,1773854664.604793,/big.txt,6422528,65536,sequential,1.0000,1,6488064,4096,1
121,121_baseline_sequential_run01,baseline,sequential,1773854664.6048372,/big.txt,6488064,65536,sequential,1.0000,1,6553600,4096,1
121,121_baseline_sequential_run01,baseline,sequential,1773854664.6048808,/big.txt,6553600,65536,sequential,1.0000,1,6619136,4096,1
121,121_baseline_sequential_run01,baseline,sequential,1773854664.604925,/big.txt,6619136,65536,sequential,1.0000,1,6684672,4096,1
121,121_baseline_sequential_run01,baseline,sequential,1773854664.6049678,/big.txt,6684672,65536,sequential,1.0000,1,6750208,4096,1
121,121_baseline_sequential_run01,baseline,sequential,1773854664.6050181,/big.txt,6750208,65536,sequential,1.0000,1,6815744,4096,1
121,121_baseline_sequential_run01,baseline,sequential,1773854664.605063,/big.txt,6815744,65536,sequential,1.0000,1,6881280,4096,1
121,121_baseline_sequential_run01,baseline,sequential,1773854664.6051068,/big.txt,6881280,65536,sequential,1.0000,1,6946816,4096,1
121,121_baseline_sequential_run01,baseline,sequential,1773854664.605152,/big.txt,6946816,65536,sequential,1.0000,1,7012352,4096,1
121,121_baseline_sequential_run01,baseline,sequential,1773854664.605195,/big.txt,7012352,65536,sequential,1.0000,1,7077888,4096,1
121,121_baseline_sequential_run01,baseline,sequential,1773854664.60524,/big.txt,7077888,65536,sequential,1.0000,1,7143424,4096,1
121,121_baseline_sequential_run01,baseline,sequential,1773854664.6052842,/big.txt,7143424,65536,sequential,1.0000,1,7208960,4096,1
121,121_baseline_sequential_run01,baseline,sequential,1773854664.6053278,/big.txt,7208960,65536,sequential,1.0000,1,7274496,4096,1
121,121_baseline_sequential_run01,baseline,sequential,1773854664.605372,/big.txt,7274496,65536,sequential,1.0000,1,7340032,4096,1
121,121_baseline_sequential_run01,baseline,sequential,1773854664.6054158,/big.txt,7340032,65536,sequential,1.0000,1,7405568,4096,1
121,121_baseline_sequential_run01,baseline,sequential,1773854664.60546,/big.txt,7405568,65536,sequential,1.0000,1,7471104,4096,1
121,121_baseline_sequential_run01,baseline,sequential,1773854664.605506,/big.txt,7471104,65536,sequential,1.0000,1,7536640,4096,1
121,121_baseline_sequential_run01,baseline,sequential,1773854664.605553,/big.txt,7536640,65536,sequential,1.0000,1,7602176,4096,1
121,121_baseline_sequential_run01,baseline,sequential,1773854664.6057239,/big.txt,7602176,65536,sequential,1.0000,1,7667712,4096,1
121,121_baseline_sequential_run01,baseline,sequential,1773854664.605769,/big.txt,7667712,65536,sequential,1.0000,1,7733248,4096,1
121,121_baseline_sequential_run01,baseline,sequential,1773854664.605814,/big.txt,7733248,65536,sequential,1.0000,1,7798784,4096,1
121,121_baseline_sequential_run01,baseline,sequential,1773854664.605858,/big.txt,7798784,65536,sequential,1.0000,1,7864320,4096,1
121,121_baseline_sequential_run01,baseline,sequential,1773854664.6059039,/big.txt,7864320,65536,sequential,1.0000,1,7929856,4096,1
121,121_baseline_sequential_run01,baseline,sequential,1773854664.605949,/big.txt,7929856,65536,sequential,1.0000,1,7995392,4096,1
121,121_baseline_sequential_run01,baseline,sequential,1773854664.605999,/big.txt,7995392,65536,sequential,1.0000,1,8060928,4096,1
121,121_baseline_sequential_run01,baseline,sequential,1773854664.60605,/big.txt,8060928,65536,sequential,1.0000,1,8126464,4096,1
121,121_baseline_sequential_run01,baseline,sequential,1773854664.606095,/big.txt,8126464,65536,sequential,1.0000,1,8192000,4096,1
121,121_baseline_sequential_run01,baseline,sequential,1773854664.606143,/big.txt,8192000,65536,sequential,1.0000,1,8257536,4096,1
121,121_baseline_sequential_run01,baseline,sequential,1773854664.606188,/big.txt,8257536,65536,sequential,1.0000,1,8323072,4096,1
121,121_baseline_sequential_run01,baseline,sequential,1773854664.6062331,/big.txt,8323072,65536,sequential,1.0000,1,8388608,4096,1
121,121_baseline_sequential_run01,baseline,sequential,1773854664.6062799,/big.txt,8388608,65536,sequential,1.0000,1,8454144,4096,1
121,121_baseline_sequential_run01,baseline,sequential,1773854664.606325,/big.txt,8454144,65536,sequential,1.0000,1,8519680,4096,1
121,121_baseline_sequential_run01,baseline,sequential,1773854664.606369,/big.txt,8519680,65536,sequential,1.0000,1,8585216,4096,1
121,121_baseline_sequential_run01,baseline,sequential,1773854664.6064188,/big.txt,8585216,65536,sequential,1.0000,1,8650752,4096,1
121,121_baseline_sequential_run01,baseline,sequential,1773854664.606464,/big.txt,8650752,65536,sequential,1.0000,1,8716288,4096,1
121,121_baseline_sequential_run01,baseline,sequential,1773854664.606509,/big.txt,8716288,65536,sequential,1.0000,1,8781824,4096,1
121,121_baseline_sequential_run01,baseline,sequential,1773854664.606554,/big.txt,8781824,65536,sequential,1.0000,1,8847360,4096,1
121,121_baseline_sequential_run01,baseline,sequential,1773854664.606602,/big.txt,8847360,65536,sequential,1.0000,1,8912896,4096,1
121,121_baseline_sequential_run01,baseline,sequential,1773854664.606647,/big.txt,8912896,65536,sequential,1.0000,1,8978432,4096,1
121,121_baseline_sequential_run01,baseline,sequential,1773854664.606692,/big.txt,8978432,65536,sequential,1.0000,1,9043968,4096,1
121,121_baseline_sequential_run01,baseline,sequential,1773854664.6067379,/big.txt,9043968,65536,sequential,1.0000,1,9109504,4096,1
121,121_baseline_sequential_run01,baseline,sequential,1773854664.606783,/big.txt,9109504,65536,sequential,1.0000,1,9175040,4096,1
121,121_baseline_sequential_run01,baseline,sequential,1773854664.606827,/big.txt,9175040,65536,sequential,1.0000,1,9240576,4096,1
121,121_baseline_sequential_run01,baseline,sequential,1773854664.606876,/big.txt,9240576,65536,sequential,1.0000,1,9306112,4096,1
121,121_baseline_sequential_run01,baseline,sequential,1773854664.606923,/big.txt,9306112,65536,sequential,1.0000,1,9371648,4096,1
121,121_baseline_sequential_run01,baseline,sequential,1773854664.6069682,/big.txt,9371648,65536,sequential,1.0000,1,9437184,4096,1
121,121_baseline_sequential_run01,baseline,sequential,1773854664.6070132,/big.txt,9437184,65536,sequential,1.0000,1,9502720,4096,1
121,121_baseline_sequential_run01,baseline,sequential,1773854664.6070578,/big.txt,9502720,65536,sequential,1.0000,1,9568256,4096,1
121,121_baseline_sequential_run01,baseline,sequential,1773854664.607117,/big.txt,9568256,65536,sequential,1.0000,1,9633792,4096,1
121,121_baseline_sequential_run01,baseline,sequential,1773854664.607162,/big.txt,9633792,65536,sequential,1.0000,1,9699328,4096,1
121,121_baseline_sequential_run01,baseline,sequential,1773854664.60721,/big.txt,9699328,65536,sequential,1.0000,1,9764864,4096,1
121,121_baseline_sequential_run01,baseline,sequential,1773854664.607254,/big.txt,9764864,65536,sequential,1.0000,1,9830400,4096,1
121,121_baseline_sequential_run01,baseline,sequential,1773854664.6073012,/big.txt,9830400,65536,sequential,1.0000,1,9895936,4096,1
121,121_baseline_sequential_run01,baseline,sequential,1773854664.6073449,/big.txt,9895936,65536,sequential,1.0000,1,9961472,4096,1
121,121_baseline_sequential_run01,baseline,sequential,1773854664.60739,/big.txt,9961472,65536,sequential,1.0000,1,10027008,4096,1
121,121_baseline_sequential_run01,baseline,sequential,1773854664.607434,/big.txt,10027008,65536,sequential,1.0000,1,10092544,4096,1
121,121_baseline_sequential_run01,baseline,sequential,1773854664.607478,/big.txt,10092544,65536,sequential,1.0000,1,10158080,4096,1
121,121_baseline_sequential_run01,baseline,sequential,1773854664.607523,/big.txt,10158080,65536,sequential,1.0000,1,10223616,4096,1
121,121_baseline_sequential_run01,baseline,sequential,1773854664.60757,/big.txt,10223616,65536,sequential,1.0000,1,10289152,4096,1
121,121_baseline_sequential_run01,baseline,sequential,1773854664.607615,/big.txt,10289152,65536,sequential,1.0000,1,10354688,4096,1
121,121_baseline_sequential_run01,baseline,sequential,1773854664.607659,/big.txt,10354688,65536,sequential,1.0000,1,10420224,4096,1
121,121_baseline_sequential_run01,baseline,sequential,1773854664.607703,/big.txt,10420224,65536,sequential,1.0000,1,10485760,4096,1
121,121_baseline_sequential_run01,baseline,sequential,1773854664.60775,/big.txt,10485760,65536,sequential,1.0000,1,10551296,4096,1
121,121_baseline_sequential_run01,baseline,sequential,1773854664.607795,/big.txt,10551296,65536,sequential,1.0000,1,10616832,4096,1
121,121_baseline_sequential_run01,baseline,sequential,1773854664.6078389,/big.txt,10616832,65536,sequential,1.0000,1,10682368,4096,1
121,121_baseline_sequential_run01,baseline,sequential,1773854664.607884,/big.txt,10682368,65536,sequential,1.0000,1,10747904,4096,1
121,121_baseline_sequential_run01,baseline,sequential,1773854664.6079319,/big.txt,10747904,65536,sequential,1.0000,1,10813440,4096,1
121,121_baseline_sequential_run01,baseline,sequential,1773854664.60798,/big.txt,10813440,65536,sequential,1.0000,1,10878976,4096,1
121,121_baseline_sequential_run01,baseline,sequential,1773854664.608021,/big.txt,10878976,65536,sequential,1.0000,1,10944512,4096,1
121,121_baseline_sequential_run01,baseline,sequential,1773854664.60806,/big.txt,10944512,65536,sequential,1.0000,1,11010048,4096,1
121,121_baseline_sequential_run01,baseline,sequential,1773854664.6081002,/big.txt,11010048,65536,sequential,1.0000,1,11075584,4096,1
121,121_baseline_sequential_run01,baseline,sequential,1773854664.60814,/big.txt,11075584,65536,sequential,1.0000,1,11141120,4096,1
121,121_baseline_sequential_run01,baseline,sequential,1773854664.6081789,/big.txt,11141120,65536,sequential,1.0000,1,11206656,4096,1
121,121_baseline_sequential_run01,baseline,sequential,1773854664.6082208,/big.txt,11206656,65536,sequential,1.0000,1,11272192,4096,1
121,121_baseline_sequential_run01,baseline,sequential,1773854664.608264,/big.txt,11272192,65536,sequential,1.0000,1,11337728,4096,1
121,121_baseline_sequential_run01,baseline,sequential,1773854664.608305,/big.txt,11337728,65536,sequential,1.0000,1,11403264,4096,1
121,121_baseline_sequential_run01,baseline,sequential,1773854664.608345,/big.txt,11403264,65536,sequential,1.0000,1,11468800,4096,1
121,121_baseline_sequential_run01,baseline,sequential,1773854664.608384,/big.txt,11468800,65536,sequential,1.0000,1,11534336,4096,1
121,121_baseline_sequential_run01,baseline,sequential,1773854664.608423,/big.txt,11534336,65536,sequential,1.0000,1,11599872,4096,1
121,121_baseline_sequential_run01,baseline,sequential,1773854664.608463,/big.txt,11599872,65536,sequential,1.0000,1,11665408,4096,1
121,121_baseline_sequential_run01,baseline,sequential,1773854664.608502,/big.txt,11665408,65536,sequential,1.0000,1,11730944,4096,1
121,121_baseline_sequential_run01,baseline,sequential,1773854664.608541,/big.txt,11730944,65536,sequential,1.0000,1,11796480,4096,1
121,121_baseline_sequential_run01,baseline,sequential,1773854664.608704,/big.txt,11796480,65536,sequential,1.0000,1,11862016,4096,1
121,121_baseline_sequential_run01,baseline,sequential,1773854664.608747,/big.txt,11862016,65536,sequential,1.0000,1,11927552,4096,1
121,121_baseline_sequential_run01,baseline,sequential,1773854664.608787,/big.txt,11927552,65536,sequential,1.0000,1,11993088,4096,1
121,121_baseline_sequential_run01,baseline,sequential,1773854664.6088262,/big.txt,11993088,65536,sequential,1.0000,1,12058624,4096,1
121,121_baseline_sequential_run01,baseline,sequential,1773854664.608877,/big.txt,12058624,65536,sequential,1.0000,1,12124160,4096,1
121,121_baseline_sequential_run01,baseline,sequential,1773854664.608921,/big.txt,12124160,65536,sequential,1.0000,1,12189696,4096,1
121,121_baseline_sequential_run01,baseline,sequential,1773854664.6089652,/big.txt,12189696,65536,sequential,1.0000,1,12255232,4096,1
121,121_baseline_sequential_run01,baseline,sequential,1773854664.609011,/big.txt,12255232,65536,sequential,1.0000,1,12320768,4096,1
121,121_baseline_sequential_run01,baseline,sequential,1773854664.609055,/big.txt,12320768,65536,sequential,1.0000,1,12386304,4096,1
121,121_baseline_sequential_run01,baseline,sequential,1773854664.609097,/big.txt,12386304,65536,sequential,1.0000,1,12451840,4096,1
121,121_baseline_sequential_run01,baseline,sequential,1773854664.609146,/big.txt,12451840,65536,sequential,1.0000,1,12517376,4096,1
121,121_baseline_sequential_run01,baseline,sequential,1773854664.609186,/big.txt,12517376,65536,sequential,1.0000,1,12582912,4096,1
121,121_baseline_sequential_run01,baseline,sequential,1773854664.609227,/big.txt,12582912,65536,sequential,1.0000,1,12648448,4096,1
121,121_baseline_sequential_run01,baseline,sequential,1773854664.609267,/big.txt,12648448,65536,sequential,1.0000,1,12713984,4096,1
121,121_baseline_sequential_run01,baseline,sequential,1773854664.609308,/big.txt,12713984,65536,sequential,1.0000,1,12779520,4096,1
121,121_baseline_sequential_run01,baseline,sequential,1773854664.609348,/big.txt,12779520,65536,sequential,1.0000,1,12845056,4096,1
121,121_baseline_sequential_run01,baseline,sequential,1773854664.609388,/big.txt,12845056,65536,sequential,1.0000,1,12910592,4096,1
121,121_baseline_sequential_run01,baseline,sequential,1773854664.609429,/big.txt,12910592,65536,sequential,1.0000,1,12976128,4096,1
121,121_baseline_sequential_run01,baseline,sequential,1773854664.60947,/big.txt,12976128,65536,sequential,1.0000,1,13041664,4096,1
121,121_baseline_sequential_run01,baseline,sequential,1773854664.6095119,/big.txt,13041664,65536,sequential,1.0000,1,13107200,4096,1
121,121_baseline_sequential_run01,baseline,sequential,1773854664.609552,/big.txt,13107200,65536,sequential,1.0000,1,13172736,4096,1
121,121_baseline_sequential_run01,baseline,sequential,1773854664.609592,/big.txt,13172736,65536,sequential,1.0000,1,13238272,4096,1
121,121_baseline_sequential_run01,baseline,sequential,1773854664.609638,/big.txt,13238272,65536,sequential,1.0000,1,13303808,4096,1
121,121_baseline_sequential_run01,baseline,sequential,1773854664.609678,/big.txt,13303808,65536,sequential,1.0000,1,13369344,4096,1
121,121_baseline_sequential_run01,baseline,sequential,1773854664.60972,/big.txt,13369344,65536,sequential,1.0000,1,13434880,4096,1
121,121_baseline_sequential_run01,baseline,sequential,1773854664.60976,/big.txt,13434880,65536,sequential,1.0000,1,13500416,4096,1
121,121_baseline_sequential_run01,baseline,sequential,1773854664.609804,/big.txt,13500416,65536,sequential,1.0000,1,13565952,4096,1
121,121_baseline_sequential_run01,baseline,sequential,1773854664.609844,/big.txt,13565952,65536,sequential,1.0000,1,13631488,4096,1
121,121_baseline_sequential_run01,baseline,sequential,1773854664.6098838,/big.txt,13631488,65536,sequential,1.0000,1,13697024,4096,1
121,121_baseline_sequential_run01,baseline,sequential,1773854664.6099231,/big.txt,13697024,65536,sequential,1.0000,1,13762560,4096,1
121,121_baseline_sequential_run01,baseline,sequential,1773854664.6099641,/big.txt,13762560,65536,sequential,1.0000,1,13828096,4096,1
121,121_baseline_sequential_run01,baseline,sequential,1773854664.610004,/big.txt,13828096,65536,sequential,1.0000,1,13893632,4096,1
121,121_baseline_sequential_run01,baseline,sequential,1773854664.6100428,/big.txt,13893632,65536,sequential,1.0000,1,13959168,4096,1
121,121_baseline_sequential_run01,baseline,sequential,1773854664.610083,/big.txt,13959168,65536,sequential,1.0000,1,14024704,4096,1
121,121_baseline_sequential_run01,baseline,sequential,1773854664.610131,/big.txt,14024704,65536,sequential,1.0000,1,14090240,4096,1
121,121_baseline_sequential_run01,baseline,sequential,1773854664.610173,/big.txt,14090240,65536,sequential,1.0000,1,14155776,4096,1
121,121_baseline_sequential_run01,baseline,sequential,1773854664.610213,/big.txt,14155776,65536,sequential,1.0000,1,14221312,4096,1
121,121_baseline_sequential_run01,baseline,sequential,1773854664.610256,/big.txt,14221312,65536,sequential,1.0000,1,14286848,4096,1
121,121_baseline_sequential_run01,baseline,sequential,1773854664.6102972,/big.txt,14286848,65536,sequential,1.0000,1,14352384,4096,1
121,121_baseline_sequential_run01,baseline,sequential,1773854664.610344,/big.txt,14352384,65536,sequential,1.0000,1,14417920,4096,1
121,121_baseline_sequential_run01,baseline,sequential,1773854664.6103868,/big.txt,14417920,65536,sequential,1.0000,1,14483456,4096,1
121,121_baseline_sequential_run01,baseline,sequential,1773854664.6104372,/big.txt,14483456,65536,sequential,1.0000,1,14548992,4096,1
121,121_baseline_sequential_run01,baseline,sequential,1773854664.610486,/big.txt,14548992,65536,sequential,1.0000,1,14614528,4096,1
121,121_baseline_sequential_run01,baseline,sequential,1773854664.610562,/big.txt,14614528,65536,sequential,1.0000,1,14680064,4096,1
121,121_baseline_sequential_run01,baseline,sequential,1773854664.610604,/big.txt,14680064,65536,sequential,1.0000,1,14745600,4096,1
121,121_baseline_sequential_run01,baseline,sequential,1773854664.610677,/big.txt,14745600,65536,sequential,1.0000,1,14811136,4096,1
121,121_baseline_sequential_run01,baseline,sequential,1773854664.610721,/big.txt,14811136,65536,sequential,1.0000,1,14876672,4096,1
121,121_baseline_sequential_run01,baseline,sequential,1773854664.610761,/big.txt,14876672,65536,sequential,1.0000,1,14942208,4096,1
121,121_baseline_sequential_run01,baseline,sequential,1773854664.610802,/big.txt,14942208,65536,sequential,1.0000,1,15007744,4096,1
121,121_baseline_sequential_run01,baseline,sequential,1773854664.6108422,/big.txt,15007744,65536,sequential,1.0000,1,15073280,4096,1
121,121_baseline_sequential_run01,baseline,sequential,1773854664.610883,/big.txt,15073280,65536,sequential,1.0000,1,15138816,4096,1
121,121_baseline_sequential_run01,baseline,sequential,1773854664.610924,/big.txt,15138816,65536,sequential,1.0000,1,15204352,4096,1
121,121_baseline_sequential_run01,baseline,sequential,1773854664.610968,/big.txt,15204352,65536,sequential,1.0000,1,15269888,4096,1
121,121_baseline_sequential_run01,baseline,sequential,1773854664.6110442,/big.txt,15269888,65536,sequential,1.0000,1,15335424,4096,1
121,121_baseline_sequential_run01,baseline,sequential,1773854664.6110861,/big.txt,15335424,65536,sequential,1.0000,1,15400960,4096,1
121,121_baseline_sequential_run01,baseline,sequential,1773854664.6111271,/big.txt,15400960,65536,sequential,1.0000,1,15466496,4096,1
121,121_baseline_sequential_run01,baseline,sequential,1773854664.611167,/big.txt,15466496,65536,sequential,1.0000,1,15532032,4096,1
121,121_baseline_sequential_run01,baseline,sequential,1773854664.611207,/big.txt,15532032,65536,sequential,1.0000,1,15597568,4096,1
121,121_baseline_sequential_run01,baseline,sequential,1773854664.611247,/big.txt,15597568,65536,sequential,1.0000,1,15663104,4096,1
121,121_baseline_sequential_run01,baseline,sequential,1773854664.611289,/big.txt,15663104,65536,sequential,1.0000,1,15728640,4096,1
121,121_baseline_sequential_run01,baseline,sequential,1773854664.61133,/big.txt,15728640,65536,sequential,1.0000,1,15794176,4096,1
121,121_baseline_sequential_run01,baseline,sequential,1773854664.611369,/big.txt,15794176,65536,sequential,1.0000,1,15859712,4096,1
121,121_baseline_sequential_run01,baseline,sequential,1773854664.6114109,/big.txt,15859712,65536,sequential,1.0000,1,15925248,4096,1
121,121_baseline_sequential_run01,baseline,sequential,1773854664.6114519,/big.txt,15925248,65536,sequential,1.0000,1,15990784,4096,1
121,121_baseline_sequential_run01,baseline,sequential,1773854664.613388,/big.txt,15990784,65536,sequential,1.0000,1,16056320,4096,1
121,121_baseline_sequential_run01,baseline,sequential,1773854664.613464,/big.txt,16056320,65536,sequential,1.0000,1,16121856,4096,1
121,121_baseline_sequential_run01,baseline,sequential,1773854664.613516,/big.txt,16121856,65536,sequential,1.0000,1,16187392,4096,1
121,121_baseline_sequential_run01,baseline,sequential,1773854664.613557,/big.txt,16187392,65536,sequential,1.0000,1,16252928,4096,1
121,121_baseline_sequential_run01,baseline,sequential,1773854664.613609,/big.txt,16252928,65536,sequential,1.0000,1,16318464,4096,1
121,121_baseline_sequential_run01,baseline,sequential,1773854664.6136909,/big.txt,16318464,65536,sequential,1.0000,1,16384000,4096,1
121,121_baseline_sequential_run01,baseline,sequential,1773854664.613735,/big.txt,16384000,65536,sequential,1.0000,1,16449536,4096,1
121,121_baseline_sequential_run01,baseline,sequential,1773854664.613776,/big.txt,16449536,65536,sequential,1.0000,1,16515072,4096,1
121,121_baseline_sequential_run01,baseline,sequential,1773854664.613817,/big.txt,16515072,65536,sequential,1.0000,1,16580608,4096,1
121,121_baseline_sequential_run01,baseline,sequential,1773854664.613857,/big.txt,16580608,65536,sequential,1.0000,1,16646144,4096,1
121,121_baseline_sequential_run01,baseline,sequential,1773854664.6138968,/big.txt,16646144,65536,sequential,1.0000,1,16711680,4096,1
121,121_baseline_sequential_run01,baseline,sequential,1773854664.613968,/big.txt,16711680,65536,sequential,1.0000,1,16777216,4096,1
121,121_baseline_sequential_run01,baseline,sequential,1773854664.614013,/big.txt,16777216,65536,sequential,1.0000,1,16842752,4096,1
121,121_baseline_sequential_run01,baseline,sequential,1773854664.614055,/big.txt,16842752,65536,sequential,1.0000,1,16908288,4096,1
121,121_baseline_sequential_run01,baseline,sequential,1773854664.6141062,/big.txt,16908288,65536,sequential,1.0000,1,16973824,4096,1
121,121_baseline_sequential_run01,baseline,sequential,1773854664.6141472,/big.txt,16973824,65536,sequential,1.0000,1,17039360,4096,1
121,121_baseline_sequential_run01,baseline,sequential,1773854664.614191,/big.txt,17039360,65536,sequential,1.0000,1,17104896,4096,1
121,121_baseline_sequential_run01,baseline,sequential,1773854664.614232,/big.txt,17104896,65536,sequential,1.0000,1,17170432,4096,1
121,121_baseline_sequential_run01,baseline,sequential,1773854664.6142871,/big.txt,17170432,65536,sequential,1.0000,1,17235968,4096,1
121,121_baseline_sequential_run01,baseline,sequential,1773854664.6143281,/big.txt,17235968,65536,sequential,1.0000,1,17301504,4096,1
121,121_baseline_sequential_run01,baseline,sequential,1773854664.614369,/big.txt,17301504,65536,sequential,1.0000,1,17367040,4096,1
121,121_baseline_sequential_run01,baseline,sequential,1773854664.614409,/big.txt,17367040,65536,sequential,1.0000,1,17432576,4096,1
121,121_baseline_sequential_run01,baseline,sequential,1773854664.614451,/big.txt,17432576,65536,sequential,1.0000,1,17498112,4096,1
121,121_baseline_sequential_run01,baseline,sequential,1773854664.614491,/big.txt,17498112,65536,sequential,1.0000,1,17563648,4096,1
121,121_baseline_sequential_run01,baseline,sequential,1773854664.614531,/big.txt,17563648,65536,sequential,1.0000,1,17629184,4096,1
121,121_baseline_sequential_run01,baseline,sequential,1773854664.614573,/big.txt,17629184,65536,sequential,1.0000,1,17694720,4096,1
121,121_baseline_sequential_run01,baseline,sequential,1773854664.614614,/big.txt,17694720,65536,sequential,1.0000,1,17760256,4096,1
121,121_baseline_sequential_run01,baseline,sequential,1773854664.6146529,/big.txt,17760256,65536,sequential,1.0000,1,17825792,4096,1
121,121_baseline_sequential_run01,baseline,sequential,1773854664.6146932,/big.txt,17825792,65536,sequential,1.0000,1,17891328,4096,1
121,121_baseline_sequential_run01,baseline,sequential,1773854664.614733,/big.txt,17891328,65536,sequential,1.0000,1,17956864,4096,1
121,121_baseline_sequential_run01,baseline,sequential,1773854664.614775,/big.txt,17956864,65536,sequential,1.0000,1,18022400,4096,1
121,121_baseline_sequential_run01,baseline,sequential,1773854664.614818,/big.txt,18022400,65536,sequential,1.0000,1,18087936,4096,1
121,121_baseline_sequential_run01,baseline,sequential,1773854664.614893,/big.txt,18087936,65536,sequential,1.0000,1,18153472,4096,1
121,121_baseline_sequential_run01,baseline,sequential,1773854664.614935,/big.txt,18153472,65536,sequential,1.0000,1,18219008,4096,1
121,121_baseline_sequential_run01,baseline,sequential,1773854664.614976,/big.txt,18219008,65536,sequential,1.0000,1,18284544,4096,1
121,121_baseline_sequential_run01,baseline,sequential,1773854664.61502,/big.txt,18284544,65536,sequential,1.0000,1,18350080,4096,1
121,121_baseline_sequential_run01,baseline,sequential,1773854664.6150599,/big.txt,18350080,65536,sequential,1.0000,1,18415616,4096,1
121,121_baseline_sequential_run01,baseline,sequential,1773854664.615104,/big.txt,18415616,65536,sequential,1.0000,1,18481152,4096,1
121,121_baseline_sequential_run01,baseline,sequential,1773854664.615145,/big.txt,18481152,65536,sequential,1.0000,1,18546688,4096,1
121,121_baseline_sequential_run01,baseline,sequential,1773854664.615187,/big.txt,18546688,65536,sequential,1.0000,1,18612224,4096,1
121,121_baseline_sequential_run01,baseline,sequential,1773854664.615228,/big.txt,18612224,65536,sequential,1.0000,1,18677760,4096,1
121,121_baseline_sequential_run01,baseline,sequential,1773854664.615273,/big.txt,18677760,65536,sequential,1.0000,1,18743296,4096,1
121,121_baseline_sequential_run01,baseline,sequential,1773854664.6153128,/big.txt,18743296,65536,sequential,1.0000,1,18808832,4096,1
121,121_baseline_sequential_run01,baseline,sequential,1773854664.615354,/big.txt,18808832,65536,sequential,1.0000,1,18874368,4096,1
121,121_baseline_sequential_run01,baseline,sequential,1773854664.615395,/big.txt,18874368,65536,sequential,1.0000,1,18939904,4096,1
121,121_baseline_sequential_run01,baseline,sequential,1773854664.6154351,/big.txt,18939904,65536,sequential,1.0000,1,19005440,4096,1
121,121_baseline_sequential_run01,baseline,sequential,1773854664.615475,/big.txt,19005440,65536,sequential,1.0000,1,19070976,4096,1
121,121_baseline_sequential_run01,baseline,sequential,1773854664.6155179,/big.txt,19070976,65536,sequential,1.0000,1,19136512,4096,1
121,121_baseline_sequential_run01,baseline,sequential,1773854664.615562,/big.txt,19136512,65536,sequential,1.0000,1,19202048,4096,1
121,121_baseline_sequential_run01,baseline,sequential,1773854664.615603,/big.txt,19202048,65536,sequential,1.0000,1,19267584,4096,1
121,121_baseline_sequential_run01,baseline,sequential,1773854664.615644,/big.txt,19267584,65536,sequential,1.0000,1,19333120,4096,1
121,121_baseline_sequential_run01,baseline,sequential,1773854664.615684,/big.txt,19333120,65536,sequential,1.0000,1,19398656,4096,1
121,121_baseline_sequential_run01,baseline,sequential,1773854664.615726,/big.txt,19398656,65536,sequential,1.0000,1,19464192,4096,1
121,121_baseline_sequential_run01,baseline,sequential,1773854664.615781,/big.txt,19464192,65536,sequential,1.0000,1,19529728,4096,1
121,121_baseline_sequential_run01,baseline,sequential,1773854664.615826,/big.txt,19529728,65536,sequential,1.0000,1,19595264,4096,1
121,121_baseline_sequential_run01,baseline,sequential,1773854664.6158679,/big.txt,19595264,65536,sequential,1.0000,1,19660800,4096,1
121,121_baseline_sequential_run01,baseline,sequential,1773854664.615911,/big.txt,19660800,65536,sequential,1.0000,1,19726336,4096,1
121,121_baseline_sequential_run01,baseline,sequential,1773854664.615953,/big.txt,19726336,65536,sequential,1.0000,1,19791872,4096,1
121,121_baseline_sequential_run01,baseline,sequential,1773854664.6159942,/big.txt,19791872,65536,sequential,1.0000,1,19857408,4096,1
121,121_baseline_sequential_run01,baseline,sequential,1773854664.616035,/big.txt,19857408,65536,sequential,1.0000,1,19922944,4096,1
121,121_baseline_sequential_run01,baseline,sequential,1773854664.616076,/big.txt,19922944,65536,sequential,1.0000,1,19988480,4096,1
121,121_baseline_sequential_run01,baseline,sequential,1773854664.616116,/big.txt,19988480,65536,sequential,1.0000,1,20054016,4096,1
121,121_baseline_sequential_run01,baseline,sequential,1773854664.616155,/big.txt,20054016,65536,sequential,1.0000,1,20119552,4096,1
121,121_baseline_sequential_run01,baseline,sequential,1773854664.6161962,/big.txt,20119552,65536,sequential,1.0000,1,20185088,4096,1
121,121_baseline_sequential_run01,baseline,sequential,1773854664.618471,/big.txt,20185088,65536,sequential,1.0000,1,20250624,4096,1
121,121_baseline_sequential_run01,baseline,sequential,1773854664.618516,/big.txt,20250624,65536,sequential,1.0000,1,20316160,4096,1
121,121_baseline_sequential_run01,baseline,sequential,1773854664.618567,/big.txt,20316160,65536,sequential,1.0000,1,20381696,4096,1
121,121_baseline_sequential_run01,baseline,sequential,1773854664.618617,/big.txt,20381696,65536,sequential,1.0000,1,20447232,4096,1
121,121_baseline_sequential_run01,baseline,sequential,1773854664.618659,/big.txt,20447232,65536,sequential,1.0000,1,20512768,4096,1
121,121_baseline_sequential_run01,baseline,sequential,1773854664.6187031,/big.txt,20512768,65536,sequential,1.0000,1,20578304,4096,1
121,121_baseline_sequential_run01,baseline,sequential,1773854664.618746,/big.txt,20578304,65536,sequential,1.0000,1,20643840,4096,1
121,121_baseline_sequential_run01,baseline,sequential,1773854664.618787,/big.txt,20643840,65536,sequential,1.0000,1,20709376,4096,1
121,121_baseline_sequential_run01,baseline,sequential,1773854664.618835,/big.txt,20709376,65536,sequential,1.0000,1,20774912,4096,1
121,121_baseline_sequential_run01,baseline,sequential,1773854664.618879,/big.txt,20774912,65536,sequential,1.0000,1,20840448,4096,1
121,121_baseline_sequential_run01,baseline,sequential,1773854664.618922,/big.txt,20840448,65536,sequential,1.0000,1,20905984,4096,1
121,121_baseline_sequential_run01,baseline,sequential,1773854664.6189618,/big.txt,20905984,65536,sequential,1.0000,1,20971520,4096,1
121,121_baseline_sequential_run01,baseline,sequential,1773854664.619002,/big.txt,20971520,65536,sequential,1.0000,1,21037056,4096,1
121,121_baseline_sequential_run01,baseline,sequential,1773854664.6190422,/big.txt,21037056,65536,sequential,1.0000,1,21102592,4096,1
121,121_baseline_sequential_run01,baseline,sequential,1773854664.619082,/big.txt,21102592,65536,sequential,1.0000,1,21168128,4096,1
121,121_baseline_sequential_run01,baseline,sequential,1773854664.6191208,/big.txt,21168128,65536,sequential,1.0000,1,21233664,4096,1
121,121_baseline_sequential_run01,baseline,sequential,1773854664.6191602,/big.txt,21233664,65536,sequential,1.0000,1,21299200,4096,1
121,121_baseline_sequential_run01,baseline,sequential,1773854664.619201,/big.txt,21299200,65536,sequential,1.0000,1,21364736,4096,1
121,121_baseline_sequential_run01,baseline,sequential,1773854664.619244,/big.txt,21364736,65536,sequential,1.0000,1,21430272,4096,1
121,121_baseline_sequential_run01,baseline,sequential,1773854664.619284,/big.txt,21430272,65536,sequential,1.0000,1,21495808,4096,1
121,121_baseline_sequential_run01,baseline,sequential,1773854664.619324,/big.txt,21495808,65536,sequential,1.0000,1,21561344,4096,1
121,121_baseline_sequential_run01,baseline,sequential,1773854664.619364,/big.txt,21561344,65536,sequential,1.0000,1,21626880,4096,1
121,121_baseline_sequential_run01,baseline,sequential,1773854664.6194031,/big.txt,21626880,65536,sequential,1.0000,1,21692416,4096,1
121,121_baseline_sequential_run01,baseline,sequential,1773854664.619443,/big.txt,21692416,65536,sequential,1.0000,1,21757952,4096,1
121,121_baseline_sequential_run01,baseline,sequential,1773854664.619483,/big.txt,21757952,65536,sequential,1.0000,1,21823488,4096,1
121,121_baseline_sequential_run01,baseline,sequential,1773854664.619523,/big.txt,21823488,65536,sequential,1.0000,1,21889024,4096,1
121,121_baseline_sequential_run01,baseline,sequential,1773854664.619563,/big.txt,21889024,65536,sequential,1.0000,1,21954560,4096,1
121,121_baseline_sequential_run01,baseline,sequential,1773854664.619603,/big.txt,21954560,65536,sequential,1.0000,1,22020096,4096,1
121,121_baseline_sequential_run01,baseline,sequential,1773854664.619642,/big.txt,22020096,65536,sequential,1.0000,1,22085632,4096,1
121,121_baseline_sequential_run01,baseline,sequential,1773854664.619683,/big.txt,22085632,65536,sequential,1.0000,1,22151168,4096,1
121,121_baseline_sequential_run01,baseline,sequential,1773854664.619722,/big.txt,22151168,65536,sequential,1.0000,1,22216704,4096,1
121,121_baseline_sequential_run01,baseline,sequential,1773854664.619765,/big.txt,22216704,65536,sequential,1.0000,1,22282240,4096,1
121,121_baseline_sequential_run01,baseline,sequential,1773854664.619807,/big.txt,22282240,65536,sequential,1.0000,1,22347776,4096,1
121,121_baseline_sequential_run01,baseline,sequential,1773854664.619848,/big.txt,22347776,65536,sequential,1.0000,1,22413312,4096,1
121,121_baseline_sequential_run01,baseline,sequential,1773854664.6198888,/big.txt,22413312,65536,sequential,1.0000,1,22478848,4096,1
121,121_baseline_sequential_run01,baseline,sequential,1773854664.6199281,/big.txt,22478848,65536,sequential,1.0000,1,22544384,4096,1
121,121_baseline_sequential_run01,baseline,sequential,1773854664.6199691,/big.txt,22544384,65536,sequential,1.0000,1,22609920,4096,1
121,121_baseline_sequential_run01,baseline,sequential,1773854664.620009,/big.txt,22609920,65536,sequential,1.0000,1,22675456,4096,1
121,121_baseline_sequential_run01,baseline,sequential,1773854664.620049,/big.txt,22675456,65536,sequential,1.0000,1,22740992,4096,1
121,121_baseline_sequential_run01,baseline,sequential,1773854664.620088,/big.txt,22740992,65536,sequential,1.0000,1,22806528,4096,1
121,121_baseline_sequential_run01,baseline,sequential,1773854664.620128,/big.txt,22806528,65536,sequential,1.0000,1,22872064,4096,1
121,121_baseline_sequential_run01,baseline,sequential,1773854664.620167,/big.txt,22872064,65536,sequential,1.0000,1,22937600,4096,1
121,121_baseline_sequential_run01,baseline,sequential,1773854664.620207,/big.txt,22937600,65536,sequential,1.0000,1,23003136,4096,1
121,121_baseline_sequential_run01,baseline,sequential,1773854664.6202471,/big.txt,23003136,65536,sequential,1.0000,1,23068672,4096,1
121,121_baseline_sequential_run01,baseline,sequential,1773854664.620291,/big.txt,23068672,65536,sequential,1.0000,1,23134208,4096,1
121,121_baseline_sequential_run01,baseline,sequential,1773854664.620332,/big.txt,23134208,65536,sequential,1.0000,1,23199744,4096,1
121,121_baseline_sequential_run01,baseline,sequential,1773854664.6203709,/big.txt,23199744,65536,sequential,1.0000,1,23265280,4096,1
121,121_baseline_sequential_run01,baseline,sequential,1773854664.620411,/big.txt,23265280,65536,sequential,1.0000,1,23330816,4096,1
121,121_baseline_sequential_run01,baseline,sequential,1773854664.620451,/big.txt,23330816,65536,sequential,1.0000,1,23396352,4096,1
121,121_baseline_sequential_run01,baseline,sequential,1773854664.620491,/big.txt,23396352,65536,sequential,1.0000,1,23461888,4096,1
121,121_baseline_sequential_run01,baseline,sequential,1773854664.62053,/big.txt,23461888,65536,sequential,1.0000,1,23527424,4096,1
121,121_baseline_sequential_run01,baseline,sequential,1773854664.6205702,/big.txt,23527424,65536,sequential,1.0000,1,23592960,4096,1
121,121_baseline_sequential_run01,baseline,sequential,1773854664.62061,/big.txt,23592960,65536,sequential,1.0000,1,23658496,4096,1
121,121_baseline_sequential_run01,baseline,sequential,1773854664.62065,/big.txt,23658496,65536,sequential,1.0000,1,23724032,4096,1
121,121_baseline_sequential_run01,baseline,sequential,1773854664.6206899,/big.txt,23724032,65536,sequential,1.0000,1,23789568,4096,1
121,121_baseline_sequential_run01,baseline,sequential,1773854664.6207302,/big.txt,23789568,65536,sequential,1.0000,1,23855104,4096,1
121,121_baseline_sequential_run01,baseline,sequential,1773854664.62077,/big.txt,23855104,65536,sequential,1.0000,1,23920640,4096,1
121,121_baseline_sequential_run01,baseline,sequential,1773854664.62081,/big.txt,23920640,65536,sequential,1.0000,1,23986176,4096,1
121,121_baseline_sequential_run01,baseline,sequential,1773854664.620852,/big.txt,23986176,65536,sequential,1.0000,1,24051712,4096,1
121,121_baseline_sequential_run01,baseline,sequential,1773854664.6208918,/big.txt,24051712,65536,sequential,1.0000,1,24117248,4096,1
121,121_baseline_sequential_run01,baseline,sequential,1773854664.620932,/big.txt,24117248,65536,sequential,1.0000,1,24182784,4096,1
121,121_baseline_sequential_run01,baseline,sequential,1773854664.620975,/big.txt,24182784,65536,sequential,1.0000,1,24248320,4096,1
121,121_baseline_sequential_run01,baseline,sequential,1773854664.621017,/big.txt,24248320,65536,sequential,1.0000,1,24313856,4096,1
121,121_baseline_sequential_run01,baseline,sequential,1773854664.6210618,/big.txt,24313856,65536,sequential,1.0000,1,24379392,4096,1
121,121_baseline_sequential_run01,baseline,sequential,1773854664.621232,/big.txt,24379392,65536,sequential,1.0000,1,24444928,4096,1
121,121_baseline_sequential_run01,baseline,sequential,1773854664.621281,/big.txt,24444928,65536,sequential,1.0000,1,24510464,4096,1
121,121_baseline_sequential_run01,baseline,sequential,1773854664.621324,/big.txt,24510464,65536,sequential,1.0000,1,24576000,4096,1
121,121_baseline_sequential_run01,baseline,sequential,1773854664.621365,/big.txt,24576000,65536,sequential,1.0000,1,24641536,4096,1
121,121_baseline_sequential_run01,baseline,sequential,1773854664.6214058,/big.txt,24641536,65536,sequential,1.0000,1,24707072,4096,1
121,121_baseline_sequential_run01,baseline,sequential,1773854664.621446,/big.txt,24707072,65536,sequential,1.0000,1,24772608,4096,1
121,121_baseline_sequential_run01,baseline,sequential,1773854664.6214871,/big.txt,24772608,65536,sequential,1.0000,1,24838144,4096,1
121,121_baseline_sequential_run01,baseline,sequential,1773854664.621539,/big.txt,24838144,65536,sequential,1.0000,1,24903680,4096,1
121,121_baseline_sequential_run01,baseline,sequential,1773854664.621584,/big.txt,24903680,65536,sequential,1.0000,1,24969216,4096,1
121,121_baseline_sequential_run01,baseline,sequential,1773854664.621624,/big.txt,24969216,65536,sequential,1.0000,1,25034752,4096,1
121,121_baseline_sequential_run01,baseline,sequential,1773854664.621669,/big.txt,25034752,65536,sequential,1.0000,1,25100288,4096,1
121,121_baseline_sequential_run01,baseline,sequential,1773854664.621709,/big.txt,25100288,65536,sequential,1.0000,1,25165824,4096,1
121,121_baseline_sequential_run01,baseline,sequential,1773854664.6217642,/big.txt,25165824,65536,sequential,1.0000,1,25231360,4096,1
121,121_baseline_sequential_run01,baseline,sequential,1773854664.621808,/big.txt,25231360,65536,sequential,1.0000,1,25296896,4096,1
121,121_baseline_sequential_run01,baseline,sequential,1773854664.621851,/big.txt,25296896,65536,sequential,1.0000,1,25362432,4096,1
121,121_baseline_sequential_run01,baseline,sequential,1773854664.6218932,/big.txt,25362432,65536,sequential,1.0000,1,25427968,4096,1
121,121_baseline_sequential_run01,baseline,sequential,1773854664.6219342,/big.txt,25427968,65536,sequential,1.0000,1,25493504,4096,1
121,121_baseline_sequential_run01,baseline,sequential,1773854664.621975,/big.txt,25493504,65536,sequential,1.0000,1,25559040,4096,1
121,121_baseline_sequential_run01,baseline,sequential,1773854664.623517,/big.txt,25559040,65536,sequential,1.0000,1,25624576,4096,1
121,121_baseline_sequential_run01,baseline,sequential,1773854664.623569,/big.txt,25624576,65536,sequential,1.0000,1,25690112,4096,1
121,121_baseline_sequential_run01,baseline,sequential,1773854664.623612,/big.txt,25690112,65536,sequential,1.0000,1,25755648,4096,1
121,121_baseline_sequential_run01,baseline,sequential,1773854664.6236548,/big.txt,25755648,65536,sequential,1.0000,1,25821184,4096,1
121,121_baseline_sequential_run01,baseline,sequential,1773854664.623698,/big.txt,25821184,65536,sequential,1.0000,1,25886720,4096,1
121,121_baseline_sequential_run01,baseline,sequential,1773854664.6237419,/big.txt,25886720,65536,sequential,1.0000,1,25952256,4096,1
121,121_baseline_sequential_run01,baseline,sequential,1773854664.6237838,/big.txt,25952256,65536,sequential,1.0000,1,26017792,4096,1
121,121_baseline_sequential_run01,baseline,sequential,1773854664.6238248,/big.txt,26017792,65536,sequential,1.0000,1,26083328,4096,1
121,121_baseline_sequential_run01,baseline,sequential,1773854664.623866,/big.txt,26083328,65536,sequential,1.0000,1,26148864,4096,1
121,121_baseline_sequential_run01,baseline,sequential,1773854664.6239061,/big.txt,26148864,65536,sequential,1.0000,1,26214400,4096,1
121,121_baseline_sequential_run01,baseline,sequential,1773854664.623947,/big.txt,26214400,65536,sequential,1.0000,1,26279936,4096,1
121,121_baseline_sequential_run01,baseline,sequential,1773854664.623988,/big.txt,26279936,65536,sequential,1.0000,1,26345472,4096,1
121,121_baseline_sequential_run01,baseline,sequential,1773854664.6240299,/big.txt,26345472,65536,sequential,1.0000,1,26411008,4096,1
121,121_baseline_sequential_run01,baseline,sequential,1773854664.62407,/big.txt,26411008,65536,sequential,1.0000,1,26476544,4096,1
121,121_baseline_sequential_run01,baseline,sequential,1773854664.624115,/big.txt,26476544,65536,sequential,1.0000,1,26542080,4096,1
121,121_baseline_sequential_run01,baseline,sequential,1773854664.624156,/big.txt,26542080,65536,sequential,1.0000,1,26607616,4096,1
121,121_baseline_sequential_run01,baseline,sequential,1773854664.624196,/big.txt,26607616,65536,sequential,1.0000,1,26673152,4096,1
121,121_baseline_sequential_run01,baseline,sequential,1773854664.624238,/big.txt,26673152,65536,sequential,1.0000,1,26738688,4096,1
121,121_baseline_sequential_run01,baseline,sequential,1773854664.62428,/big.txt,26738688,65536,sequential,1.0000,1,26804224,4096,1
121,121_baseline_sequential_run01,baseline,sequential,1773854664.62432,/big.txt,26804224,65536,sequential,1.0000,1,26869760,4096,1
121,121_baseline_sequential_run01,baseline,sequential,1773854664.624361,/big.txt,26869760,65536,sequential,1.0000,1,26935296,4096,1
121,121_baseline_sequential_run01,baseline,sequential,1773854664.6244009,/big.txt,26935296,65536,sequential,1.0000,1,27000832,4096,1
121,121_baseline_sequential_run01,baseline,sequential,1773854664.62444,/big.txt,27000832,65536,sequential,1.0000,1,27066368,4096,1
121,121_baseline_sequential_run01,baseline,sequential,1773854664.62448,/big.txt,27066368,65536,sequential,1.0000,1,27131904,4096,1
121,121_baseline_sequential_run01,baseline,sequential,1773854664.6245198,/big.txt,27131904,65536,sequential,1.0000,1,27197440,4096,1
121,121_baseline_sequential_run01,baseline,sequential,1773854664.6245592,/big.txt,27197440,65536,sequential,1.0000,1,27262976,4096,1
121,121_baseline_sequential_run01,baseline,sequential,1773854664.6246002,/big.txt,27262976,65536,sequential,1.0000,1,27328512,4096,1
121,121_baseline_sequential_run01,baseline,sequential,1773854664.62464,/big.txt,27328512,65536,sequential,1.0000,1,27394048,4096,1
121,121_baseline_sequential_run01,baseline,sequential,1773854664.62468,/big.txt,27394048,65536,sequential,1.0000,1,27459584,4096,1
121,121_baseline_sequential_run01,baseline,sequential,1773854664.6247208,/big.txt,27459584,65536,sequential,1.0000,1,27525120,4096,1
121,121_baseline_sequential_run01,baseline,sequential,1773854664.624761,/big.txt,27525120,65536,sequential,1.0000,1,27590656,4096,1
121,121_baseline_sequential_run01,baseline,sequential,1773854664.624801,/big.txt,27590656,65536,sequential,1.0000,1,27656192,4096,1
121,121_baseline_sequential_run01,baseline,sequential,1773854664.624841,/big.txt,27656192,65536,sequential,1.0000,1,27721728,4096,1
121,121_baseline_sequential_run01,baseline,sequential,1773854664.624882,/big.txt,27721728,65536,sequential,1.0000,1,27787264,4096,1
121,121_baseline_sequential_run01,baseline,sequential,1773854664.624922,/big.txt,27787264,65536,sequential,1.0000,1,27852800,4096,1
121,121_baseline_sequential_run01,baseline,sequential,1773854664.624962,/big.txt,27852800,65536,sequential,1.0000,1,27918336,4096,1
121,121_baseline_sequential_run01,baseline,sequential,1773854664.6250062,/big.txt,27918336,65536,sequential,1.0000,1,27983872,4096,1
121,121_baseline_sequential_run01,baseline,sequential,1773854664.6250482,/big.txt,27983872,65536,sequential,1.0000,1,28049408,4096,1
121,121_baseline_sequential_run01,baseline,sequential,1773854664.625087,/big.txt,28049408,65536,sequential,1.0000,1,28114944,4096,1
121,121_baseline_sequential_run01,baseline,sequential,1773854664.625128,/big.txt,28114944,65536,sequential,1.0000,1,28180480,4096,1
121,121_baseline_sequential_run01,baseline,sequential,1773854664.6251688,/big.txt,28180480,65536,sequential,1.0000,1,28246016,4096,1
121,121_baseline_sequential_run01,baseline,sequential,1773854664.625209,/big.txt,28246016,65536,sequential,1.0000,1,28311552,4096,1
121,121_baseline_sequential_run01,baseline,sequential,1773854664.625251,/big.txt,28311552,65536,sequential,1.0000,1,28377088,4096,1
121,121_baseline_sequential_run01,baseline,sequential,1773854664.625294,/big.txt,28377088,65536,sequential,1.0000,1,28442624,4096,1
121,121_baseline_sequential_run01,baseline,sequential,1773854664.625334,/big.txt,28442624,65536,sequential,1.0000,1,28508160,4096,1
121,121_baseline_sequential_run01,baseline,sequential,1773854664.6253738,/big.txt,28508160,65536,sequential,1.0000,1,28573696,4096,1
121,121_baseline_sequential_run01,baseline,sequential,1773854664.62553,/big.txt,28573696,65536,sequential,1.0000,1,28639232,4096,1
121,121_baseline_sequential_run01,baseline,sequential,1773854664.62557,/big.txt,28639232,65536,sequential,1.0000,1,28704768,4096,1
121,121_baseline_sequential_run01,baseline,sequential,1773854664.625611,/big.txt,28704768,65536,sequential,1.0000,1,28770304,4096,1
121,121_baseline_sequential_run01,baseline,sequential,1773854664.625652,/big.txt,28770304,65536,sequential,1.0000,1,28835840,4096,1
121,121_baseline_sequential_run01,baseline,sequential,1773854664.6256928,/big.txt,28835840,65536,sequential,1.0000,1,28901376,4096,1
121,121_baseline_sequential_run01,baseline,sequential,1773854664.6257322,/big.txt,28901376,65536,sequential,1.0000,1,28966912,4096,1
121,121_baseline_sequential_run01,baseline,sequential,1773854664.6257741,/big.txt,28966912,65536,sequential,1.0000,1,29032448,4096,1
121,121_baseline_sequential_run01,baseline,sequential,1773854664.625818,/big.txt,29032448,65536,sequential,1.0000,1,29097984,4096,1
121,121_baseline_sequential_run01,baseline,sequential,1773854664.6258602,/big.txt,29097984,65536,sequential,1.0000,1,29163520,4096,1
121,121_baseline_sequential_run01,baseline,sequential,1773854664.62591,/big.txt,29163520,65536,sequential,1.0000,1,29229056,4096,1
121,121_baseline_sequential_run01,baseline,sequential,1773854664.625957,/big.txt,29229056,65536,sequential,1.0000,1,29294592,4096,1
121,121_baseline_sequential_run01,baseline,sequential,1773854664.626003,/big.txt,29294592,65536,sequential,1.0000,1,29360128,4096,1
121,121_baseline_sequential_run01,baseline,sequential,1773854664.626045,/big.txt,29360128,65536,sequential,1.0000,1,29425664,4096,1
121,121_baseline_sequential_run01,baseline,sequential,1773854664.626088,/big.txt,29425664,65536,sequential,1.0000,1,29491200,4096,1
121,121_baseline_sequential_run01,baseline,sequential,1773854664.626131,/big.txt,29491200,65536,sequential,1.0000,1,29556736,4096,1
121,121_baseline_sequential_run01,baseline,sequential,1773854664.626173,/big.txt,29556736,65536,sequential,1.0000,1,29622272,4096,1
121,121_baseline_sequential_run01,baseline,sequential,1773854664.626215,/big.txt,29622272,65536,sequential,1.0000,1,29687808,4096,1
121,121_baseline_sequential_run01,baseline,sequential,1773854664.626256,/big.txt,29687808,65536,sequential,1.0000,1,29753344,4096,1
121,121_baseline_sequential_run01,baseline,sequential,1773854664.626297,/big.txt,29753344,65536,sequential,1.0000,1,29818880,4096,1
121,121_baseline_sequential_run01,baseline,sequential,1773854664.626345,/big.txt,29818880,65536,sequential,1.0000,1,29884416,4096,1
121,121_baseline_sequential_run01,baseline,sequential,1773854664.62639,/big.txt,29884416,65536,sequential,1.0000,1,29949952,4096,1
121,121_baseline_sequential_run01,baseline,sequential,1773854664.6264331,/big.txt,29949952,65536,sequential,1.0000,1,30015488,4096,1
121,121_baseline_sequential_run01,baseline,sequential,1773854664.626482,/big.txt,30015488,65536,sequential,1.0000,1,30081024,4096,1
121,121_baseline_sequential_run01,baseline,sequential,1773854664.6265228,/big.txt,30081024,65536,sequential,1.0000,1,30146560,4096,1
121,121_baseline_sequential_run01,baseline,sequential,1773854664.626567,/big.txt,30146560,65536,sequential,1.0000,1,30212096,4096,1
121,121_baseline_sequential_run01,baseline,sequential,1773854664.6266081,/big.txt,30212096,65536,sequential,1.0000,1,30277632,4096,1
121,121_baseline_sequential_run01,baseline,sequential,1773854664.6266491,/big.txt,30277632,65536,sequential,1.0000,1,30343168,4096,1
121,121_baseline_sequential_run01,baseline,sequential,1773854664.626698,/big.txt,30343168,65536,sequential,1.0000,1,30408704,4096,1
121,121_baseline_sequential_run01,baseline,sequential,1773854664.626741,/big.txt,30408704,65536,sequential,1.0000,1,30474240,4096,1
121,121_baseline_sequential_run01,baseline,sequential,1773854664.626782,/big.txt,30474240,65536,sequential,1.0000,1,30539776,4096,1
121,121_baseline_sequential_run01,baseline,sequential,1773854664.626826,/big.txt,30539776,65536,sequential,1.0000,1,30605312,4096,1
121,121_baseline_sequential_run01,baseline,sequential,1773854664.626867,/big.txt,30605312,65536,sequential,1.0000,1,30670848,4096,1
121,121_baseline_sequential_run01,baseline,sequential,1773854664.62691,/big.txt,30670848,65536,sequential,1.0000,1,30736384,4096,1
121,121_baseline_sequential_run01,baseline,sequential,1773854664.626951,/big.txt,30736384,65536,sequential,1.0000,1,30801920,4096,1
121,121_baseline_sequential_run01,baseline,sequential,1773854664.626996,/big.txt,30801920,65536,sequential,1.0000,1,30867456,4096,1
121,121_baseline_sequential_run01,baseline,sequential,1773854664.62704,/big.txt,30867456,65536,sequential,1.0000,1,30932992,4096,1
121,121_baseline_sequential_run01,baseline,sequential,1773854664.6270819,/big.txt,30932992,65536,sequential,1.0000,1,30998528,4096,1
121,121_baseline_sequential_run01,baseline,sequential,1773854664.6271229,/big.txt,30998528,65536,sequential,1.0000,1,31064064,4096,1
121,121_baseline_sequential_run01,baseline,sequential,1773854664.6271732,/big.txt,31064064,65536,sequential,1.0000,1,31129600,4096,1
121,121_baseline_sequential_run01,baseline,sequential,1773854664.6272151,/big.txt,31129600,65536,sequential,1.0000,1,31195136,4096,1
121,121_baseline_sequential_run01,baseline,sequential,1773854664.6272562,/big.txt,31195136,65536,sequential,1.0000,1,31260672,4096,1
121,121_baseline_sequential_run01,baseline,sequential,1773854664.627306,/big.txt,31260672,65536,sequential,1.0000,1,31326208,4096,1
121,121_baseline_sequential_run01,baseline,sequential,1773854664.627348,/big.txt,31326208,65536,sequential,1.0000,1,31391744,4096,1
121,121_baseline_sequential_run01,baseline,sequential,1773854664.62739,/big.txt,31391744,65536,sequential,1.0000,1,31457280,4096,1
121,121_baseline_sequential_run01,baseline,sequential,1773854664.627431,/big.txt,31457280,65536,sequential,1.0000,1,31522816,4096,1
121,121_baseline_sequential_run01,baseline,sequential,1773854664.627472,/big.txt,31522816,65536,sequential,1.0000,1,31588352,4096,1
121,121_baseline_sequential_run01,baseline,sequential,1773854664.6275141,/big.txt,31588352,65536,sequential,1.0000,1,31653888,4096,1
121,121_baseline_sequential_run01,baseline,sequential,1773854664.6275551,/big.txt,31653888,65536,sequential,1.0000,1,31719424,4096,1
121,121_baseline_sequential_run01,baseline,sequential,1773854664.6275961,/big.txt,31719424,65536,sequential,1.0000,1,31784960,4096,1
121,121_baseline_sequential_run01,baseline,sequential,1773854664.627637,/big.txt,31784960,65536,sequential,1.0000,1,31850496,4096,1
121,121_baseline_sequential_run01,baseline,sequential,1773854664.627678,/big.txt,31850496,65536,sequential,1.0000,1,31916032,4096,1
121,121_baseline_sequential_run01,baseline,sequential,1773854664.6277199,/big.txt,31916032,65536,sequential,1.0000,1,31981568,4096,1
121,121_baseline_sequential_run01,baseline,sequential,1773854664.627769,/big.txt,31981568,65536,sequential,1.0000,1,32047104,4096,1
121,121_baseline_sequential_run01,baseline,sequential,1773854664.627811,/big.txt,32047104,65536,sequential,1.0000,1,32112640,4096,1
121,121_baseline_sequential_run01,baseline,sequential,1773854664.627852,/big.txt,32112640,65536,sequential,1.0000,1,32178176,4096,1
121,121_baseline_sequential_run01,baseline,sequential,1773854664.627895,/big.txt,32178176,65536,sequential,1.0000,1,32243712,4096,1
121,121_baseline_sequential_run01,baseline,sequential,1773854664.627936,/big.txt,32243712,65536,sequential,1.0000,1,32309248,4096,1
121,121_baseline_sequential_run01,baseline,sequential,1773854664.627979,/big.txt,32309248,65536,sequential,1.0000,1,32374784,4096,1
121,121_baseline_sequential_run01,baseline,sequential,1773854664.628026,/big.txt,32374784,65536,sequential,1.0000,1,32440320,4096,1
121,121_baseline_sequential_run01,baseline,sequential,1773854664.628067,/big.txt,32440320,65536,sequential,1.0000,1,32505856,4096,1
121,121_baseline_sequential_run01,baseline,sequential,1773854664.628108,/big.txt,32505856,65536,sequential,1.0000,1,32571392,4096,1
121,121_baseline_sequential_run01,baseline,sequential,1773854664.628151,/big.txt,32571392,65536,sequential,1.0000,1,32636928,4096,1
121,121_baseline_sequential_run01,baseline,sequential,1773854664.628194,/big.txt,32636928,65536,sequential,1.0000,1,32702464,4096,1
121,121_baseline_sequential_run01,baseline,sequential,1773854664.628236,/big.txt,32702464,65536,sequential,1.0000,1,32768000,4096,1
121,121_baseline_sequential_run01,baseline,sequential,1773854664.629397,/big.txt,32768000,65536,sequential,1.0000,1,32833536,4096,1
121,121_baseline_sequential_run01,baseline,sequential,1773854664.6294389,/big.txt,32833536,65536,sequential,1.0000,1,32899072,4096,1
121,121_baseline_sequential_run01,baseline,sequential,1773854664.629481,/big.txt,32899072,65536,sequential,1.0000,1,32964608,4096,1
121,121_baseline_sequential_run01,baseline,sequential,1773854664.6295302,/big.txt,32964608,65536,sequential,1.0000,1,33030144,4096,1
121,121_baseline_sequential_run01,baseline,sequential,1773854664.629577,/big.txt,33030144,65536,sequential,1.0000,1,33095680,4096,1
121,121_baseline_sequential_run01,baseline,sequential,1773854664.629619,/big.txt,33095680,65536,sequential,1.0000,1,33161216,4096,1
121,121_baseline_sequential_run01,baseline,sequential,1773854664.62966,/big.txt,33161216,65536,sequential,1.0000,1,33226752,4096,1
121,121_baseline_sequential_run01,baseline,sequential,1773854664.629705,/big.txt,33226752,65536,sequential,1.0000,1,33292288,4096,1
121,121_baseline_sequential_run01,baseline,sequential,1773854664.629754,/big.txt,33292288,65536,sequential,1.0000,1,33357824,4096,1
121,121_baseline_sequential_run01,baseline,sequential,1773854664.6297972,/big.txt,33357824,65536,sequential,1.0000,1,33423360,4096,1
121,121_baseline_sequential_run01,baseline,sequential,1773854664.6298418,/big.txt,33423360,65536,sequential,1.0000,1,33488896,4096,1
121,121_baseline_sequential_run01,baseline,sequential,1773854664.6298828,/big.txt,33488896,65536,sequential,1.0000,1,33554432,4096,1
121,121_baseline_sequential_run01,baseline,sequential,1773854664.62993,/big.txt,33554432,65536,sequential,1.0000,1,33619968,4096,1
121,121_baseline_sequential_run01,baseline,sequential,1773854664.629971,/big.txt,33619968,65536,sequential,1.0000,1,33685504,4096,1
121,121_baseline_sequential_run01,baseline,sequential,1773854664.630013,/big.txt,33685504,65536,sequential,1.0000,1,33751040,4096,1
121,121_baseline_sequential_run01,baseline,sequential,1773854664.630054,/big.txt,33751040,65536,sequential,1.0000,1,33816576,4096,1
121,121_baseline_sequential_run01,baseline,sequential,1773854664.630102,/big.txt,33816576,65536,sequential,1.0000,1,33882112,4096,1
121,121_baseline_sequential_run01,baseline,sequential,1773854664.630145,/big.txt,33882112,65536,sequential,1.0000,1,33947648,4096,1
121,121_baseline_sequential_run01,baseline,sequential,1773854664.630186,/big.txt,33947648,65536,sequential,1.0000,1,34013184,4096,1
121,121_baseline_sequential_run01,baseline,sequential,1773854664.6302269,/big.txt,34013184,65536,sequential,1.0000,1,34078720,4096,1
121,121_baseline_sequential_run01,baseline,sequential,1773854664.63027,/big.txt,34078720,65536,sequential,1.0000,1,34144256,4096,1
121,121_baseline_sequential_run01,baseline,sequential,1773854664.630313,/big.txt,34144256,65536,sequential,1.0000,1,34209792,4096,1
121,121_baseline_sequential_run01,baseline,sequential,1773854664.630355,/big.txt,34209792,65536,sequential,1.0000,1,34275328,4096,1
121,121_baseline_sequential_run01,baseline,sequential,1773854664.6303968,/big.txt,34275328,65536,sequential,1.0000,1,34340864,4096,1
121,121_baseline_sequential_run01,baseline,sequential,1773854664.6304388,/big.txt,34340864,65536,sequential,1.0000,1,34406400,4096,1
121,121_baseline_sequential_run01,baseline,sequential,1773854664.630483,/big.txt,34406400,65536,sequential,1.0000,1,34471936,4096,1
121,121_baseline_sequential_run01,baseline,sequential,1773854664.6305249,/big.txt,34471936,65536,sequential,1.0000,1,34537472,4096,1
121,121_baseline_sequential_run01,baseline,sequential,1773854664.630566,/big.txt,34537472,65536,sequential,1.0000,1,34603008,4096,1
121,121_baseline_sequential_run01,baseline,sequential,1773854664.6306088,/big.txt,34603008,65536,sequential,1.0000,1,34668544,4096,1
121,121_baseline_sequential_run01,baseline,sequential,1773854664.630651,/big.txt,34668544,65536,sequential,1.0000,1,34734080,4096,1
121,121_baseline_sequential_run01,baseline,sequential,1773854664.630692,/big.txt,34734080,65536,sequential,1.0000,1,34799616,4096,1
121,121_baseline_sequential_run01,baseline,sequential,1773854664.630733,/big.txt,34799616,65536,sequential,1.0000,1,34865152,4096,1
121,121_baseline_sequential_run01,baseline,sequential,1773854664.630774,/big.txt,34865152,65536,sequential,1.0000,1,34930688,4096,1
121,121_baseline_sequential_run01,baseline,sequential,1773854664.630817,/big.txt,34930688,65536,sequential,1.0000,1,34996224,4096,1
121,121_baseline_sequential_run01,baseline,sequential,1773854664.630859,/big.txt,34996224,65536,sequential,1.0000,1,35061760,4096,1
121,121_baseline_sequential_run01,baseline,sequential,1773854664.630901,/big.txt,35061760,65536,sequential,1.0000,1,35127296,4096,1
121,121_baseline_sequential_run01,baseline,sequential,1773854664.6309419,/big.txt,35127296,65536,sequential,1.0000,1,35192832,4096,1
121,121_baseline_sequential_run01,baseline,sequential,1773854664.6309838,/big.txt,35192832,65536,sequential,1.0000,1,35258368,4096,1
121,121_baseline_sequential_run01,baseline,sequential,1773854664.6310248,/big.txt,35258368,65536,sequential,1.0000,1,35323904,4096,1
121,121_baseline_sequential_run01,baseline,sequential,1773854664.631066,/big.txt,35323904,65536,sequential,1.0000,1,35389440,4096,1
121,121_baseline_sequential_run01,baseline,sequential,1773854664.631108,/big.txt,35389440,65536,sequential,1.0000,1,35454976,4096,1
121,121_baseline_sequential_run01,baseline,sequential,1773854664.631149,/big.txt,35454976,65536,sequential,1.0000,1,35520512,4096,1
121,121_baseline_sequential_run01,baseline,sequential,1773854664.631191,/big.txt,35520512,65536,sequential,1.0000,1,35586048,4096,1
121,121_baseline_sequential_run01,baseline,sequential,1773854664.631232,/big.txt,35586048,65536,sequential,1.0000,1,35651584,4096,1
121,121_baseline_sequential_run01,baseline,sequential,1773854664.631273,/big.txt,35651584,65536,sequential,1.0000,1,35717120,4096,1
121,121_baseline_sequential_run01,baseline,sequential,1773854664.631315,/big.txt,35717120,65536,sequential,1.0000,1,35782656,4096,1
121,121_baseline_sequential_run01,baseline,sequential,1773854664.631358,/big.txt,35782656,65536,sequential,1.0000,1,35848192,4096,1
121,121_baseline_sequential_run01,baseline,sequential,1773854664.631409,/big.txt,35848192,65536,sequential,1.0000,1,35913728,4096,1
121,121_baseline_sequential_run01,baseline,sequential,1773854664.631469,/big.txt,35913728,65536,sequential,1.0000,1,35979264,4096,1
121,121_baseline_sequential_run01,baseline,sequential,1773854664.631513,/big.txt,35979264,65536,sequential,1.0000,1,36044800,4096,1
121,121_baseline_sequential_run01,baseline,sequential,1773854664.631555,/big.txt,36044800,65536,sequential,1.0000,1,36110336,4096,1
121,121_baseline_sequential_run01,baseline,sequential,1773854664.6315992,/big.txt,36110336,65536,sequential,1.0000,1,36175872,4096,1
121,121_baseline_sequential_run01,baseline,sequential,1773854664.6316411,/big.txt,36175872,65536,sequential,1.0000,1,36241408,4096,1
121,121_baseline_sequential_run01,baseline,sequential,1773854664.6316822,/big.txt,36241408,65536,sequential,1.0000,1,36306944,4096,1
121,121_baseline_sequential_run01,baseline,sequential,1773854664.631725,/big.txt,36306944,65536,sequential,1.0000,1,36372480,4096,1
121,121_baseline_sequential_run01,baseline,sequential,1773854664.631767,/big.txt,36372480,65536,sequential,1.0000,1,36438016,4096,1
121,121_baseline_sequential_run01,baseline,sequential,1773854664.631809,/big.txt,36438016,65536,sequential,1.0000,1,36503552,4096,1
121,121_baseline_sequential_run01,baseline,sequential,1773854664.631851,/big.txt,36503552,65536,sequential,1.0000,1,36569088,4096,1
121,121_baseline_sequential_run01,baseline,sequential,1773854664.631893,/big.txt,36569088,65536,sequential,1.0000,1,36634624,4096,1
121,121_baseline_sequential_run01,baseline,sequential,1773854664.631934,/big.txt,36634624,65536,sequential,1.0000,1,36700160,4096,1
121,121_baseline_sequential_run01,baseline,sequential,1773854664.631975,/big.txt,36700160,65536,sequential,1.0000,1,36765696,4096,1
121,121_baseline_sequential_run01,baseline,sequential,1773854664.632016,/big.txt,36765696,65536,sequential,1.0000,1,36831232,4096,1
121,121_baseline_sequential_run01,baseline,sequential,1773854664.6320581,/big.txt,36831232,65536,sequential,1.0000,1,36896768,4096,1
121,121_baseline_sequential_run01,baseline,sequential,1773854664.6320992,/big.txt,36896768,65536,sequential,1.0000,1,36962304,4096,1
121,121_baseline_sequential_run01,baseline,sequential,1773854664.632144,/big.txt,36962304,65536,sequential,1.0000,1,37027840,4096,1
121,121_baseline_sequential_run01,baseline,sequential,1773854664.632187,/big.txt,37027840,65536,sequential,1.0000,1,37093376,4096,1
121,121_baseline_sequential_run01,baseline,sequential,1773854664.632229,/big.txt,37093376,65536,sequential,1.0000,1,37158912,4096,1
121,121_baseline_sequential_run01,baseline,sequential,1773854664.63227,/big.txt,37158912,65536,sequential,1.0000,1,37224448,4096,1
121,121_baseline_sequential_run01,baseline,sequential,1773854664.632313,/big.txt,37224448,65536,sequential,1.0000,1,37289984,4096,1
121,121_baseline_sequential_run01,baseline,sequential,1773854664.632354,/big.txt,37289984,65536,sequential,1.0000,1,37355520,4096,1
121,121_baseline_sequential_run01,baseline,sequential,1773854664.6323972,/big.txt,37355520,65536,sequential,1.0000,1,37421056,4096,1
121,121_baseline_sequential_run01,baseline,sequential,1773854664.632454,/big.txt,37421056,65536,sequential,1.0000,1,37486592,4096,1
121,121_baseline_sequential_run01,baseline,sequential,1773854664.6325061,/big.txt,37486592,65536,sequential,1.0000,1,37552128,4096,1
121,121_baseline_sequential_run01,baseline,sequential,1773854664.632548,/big.txt,37552128,65536,sequential,1.0000,1,37617664,4096,1
121,121_baseline_sequential_run01,baseline,sequential,1773854664.63259,/big.txt,37617664,65536,sequential,1.0000,1,37683200,4096,1
121,121_baseline_sequential_run01,baseline,sequential,1773854664.632632,/big.txt,37683200,65536,sequential,1.0000,1,37748736,4096,1
121,121_baseline_sequential_run01,baseline,sequential,1773854664.632674,/big.txt,37748736,65536,sequential,1.0000,1,37814272,4096,1
121,121_baseline_sequential_run01,baseline,sequential,1773854664.632715,/big.txt,37814272,65536,sequential,1.0000,1,37879808,4096,1
121,121_baseline_sequential_run01,baseline,sequential,1773854664.632756,/big.txt,37879808,65536,sequential,1.0000,1,37945344,4096,1
121,121_baseline_sequential_run01,baseline,sequential,1773854664.632797,/big.txt,37945344,65536,sequential,1.0000,1,38010880,4096,1
121,121_baseline_sequential_run01,baseline,sequential,1773854664.6328378,/big.txt,38010880,65536,sequential,1.0000,1,38076416,4096,1
121,121_baseline_sequential_run01,baseline,sequential,1773854664.632879,/big.txt,38076416,65536,sequential,1.0000,1,38141952,4096,1
121,121_baseline_sequential_run01,baseline,sequential,1773854664.633354,/big.txt,38141952,65536,sequential,1.0000,1,38207488,4096,1
121,121_baseline_sequential_run01,baseline,sequential,1773854664.633398,/big.txt,38207488,65536,sequential,1.0000,1,38273024,4096,1
121,121_baseline_sequential_run01,baseline,sequential,1773854664.633441,/big.txt,38273024,65536,sequential,1.0000,1,38338560,4096,1
121,121_baseline_sequential_run01,baseline,sequential,1773854664.6334841,/big.txt,38338560,65536,sequential,1.0000,1,38404096,4096,1
121,121_baseline_sequential_run01,baseline,sequential,1773854664.633526,/big.txt,38404096,65536,sequential,1.0000,1,38469632,4096,1
121,121_baseline_sequential_run01,baseline,sequential,1773854664.633568,/big.txt,38469632,65536,sequential,1.0000,1,38535168,4096,1
121,121_baseline_sequential_run01,baseline,sequential,1773854664.633611,/big.txt,38535168,65536,sequential,1.0000,1,38600704,4096,1
121,121_baseline_sequential_run01,baseline,sequential,1773854664.633652,/big.txt,38600704,65536,sequential,1.0000,1,38666240,4096,1
121,121_baseline_sequential_run01,baseline,sequential,1773854664.633696,/big.txt,38666240,65536,sequential,1.0000,1,38731776,4096,1
121,121_baseline_sequential_run01,baseline,sequential,1773854664.633748,/big.txt,38731776,65536,sequential,1.0000,1,38797312,4096,1
121,121_baseline_sequential_run01,baseline,sequential,1773854664.6338,/big.txt,38797312,65536,sequential,1.0000,1,38862848,4096,1
121,121_baseline_sequential_run01,baseline,sequential,1773854664.633844,/big.txt,38862848,65536,sequential,1.0000,1,38928384,4096,1
121,121_baseline_sequential_run01,baseline,sequential,1773854664.633887,/big.txt,38928384,65536,sequential,1.0000,1,38993920,4096,1
121,121_baseline_sequential_run01,baseline,sequential,1773854664.633929,/big.txt,38993920,65536,sequential,1.0000,1,39059456,4096,1
121,121_baseline_sequential_run01,baseline,sequential,1773854664.633971,/big.txt,39059456,65536,sequential,1.0000,1,39124992,4096,1
121,121_baseline_sequential_run01,baseline,sequential,1773854664.634013,/big.txt,39124992,65536,sequential,1.0000,1,39190528,4096,1
121,121_baseline_sequential_run01,baseline,sequential,1773854664.634055,/big.txt,39190528,65536,sequential,1.0000,1,39256064,4096,1
121,121_baseline_sequential_run01,baseline,sequential,1773854664.6340961,/big.txt,39256064,65536,sequential,1.0000,1,39321600,4096,1
121,121_baseline_sequential_run01,baseline,sequential,1773854664.634138,/big.txt,39321600,65536,sequential,1.0000,1,39387136,4096,1
121,121_baseline_sequential_run01,baseline,sequential,1773854664.63419,/big.txt,39387136,65536,sequential,1.0000,1,39452672,4096,1
121,121_baseline_sequential_run01,baseline,sequential,1773854664.634232,/big.txt,39452672,65536,sequential,1.0000,1,39518208,4096,1
121,121_baseline_sequential_run01,baseline,sequential,1773854664.634277,/big.txt,39518208,65536,sequential,1.0000,1,39583744,4096,1
121,121_baseline_sequential_run01,baseline,sequential,1773854664.634324,/big.txt,39583744,65536,sequential,1.0000,1,39649280,4096,1
121,121_baseline_sequential_run01,baseline,sequential,1773854664.634367,/big.txt,39649280,65536,sequential,1.0000,1,39714816,4096,1
121,121_baseline_sequential_run01,baseline,sequential,1773854664.6344151,/big.txt,39714816,65536,sequential,1.0000,1,39780352,4096,1
121,121_baseline_sequential_run01,baseline,sequential,1773854664.634458,/big.txt,39780352,65536,sequential,1.0000,1,39845888,4096,1
121,121_baseline_sequential_run01,baseline,sequential,1773854664.6345012,/big.txt,39845888,65536,sequential,1.0000,1,39911424,4096,1
121,121_baseline_sequential_run01,baseline,sequential,1773854664.634549,/big.txt,39911424,65536,sequential,1.0000,1,39976960,4096,1
121,121_baseline_sequential_run01,baseline,sequential,1773854664.634592,/big.txt,39976960,65536,sequential,1.0000,1,40042496,4096,1
121,121_baseline_sequential_run01,baseline,sequential,1773854664.634634,/big.txt,40042496,65536,sequential,1.0000,1,40108032,4096,1
121,121_baseline_sequential_run01,baseline,sequential,1773854664.6346838,/big.txt,40108032,65536,sequential,1.0000,1,40173568,4096,1
121,121_baseline_sequential_run01,baseline,sequential,1773854664.634729,/big.txt,40173568,65536,sequential,1.0000,1,40239104,4096,1
121,121_baseline_sequential_run01,baseline,sequential,1773854664.634791,/big.txt,40239104,65536,sequential,1.0000,1,40304640,4096,1
121,121_baseline_sequential_run01,baseline,sequential,1773854664.63484,/big.txt,40304640,65536,sequential,1.0000,1,40370176,4096,1
121,121_baseline_sequential_run01,baseline,sequential,1773854664.6348832,/big.txt,40370176,65536,sequential,1.0000,1,40435712,4096,1
121,121_baseline_sequential_run01,baseline,sequential,1773854664.6349351,/big.txt,40435712,65536,sequential,1.0000,1,40501248,4096,1
121,121_baseline_sequential_run01,baseline,sequential,1773854664.634986,/big.txt,40501248,65536,sequential,1.0000,1,40566784,4096,1
121,121_baseline_sequential_run01,baseline,sequential,1773854664.635029,/big.txt,40566784,65536,sequential,1.0000,1,40632320,4096,1
121,121_baseline_sequential_run01,baseline,sequential,1773854664.635071,/big.txt,40632320,65536,sequential,1.0000,1,40697856,4096,1
121,121_baseline_sequential_run01,baseline,sequential,1773854664.635115,/big.txt,40697856,65536,sequential,1.0000,1,40763392,4096,1
121,121_baseline_sequential_run01,baseline,sequential,1773854664.635156,/big.txt,40763392,65536,sequential,1.0000,1,40828928,4096,1
121,121_baseline_sequential_run01,baseline,sequential,1773854664.6351979,/big.txt,40828928,65536,sequential,1.0000,1,40894464,4096,1
121,121_baseline_sequential_run01,baseline,sequential,1773854664.635242,/big.txt,40894464,65536,sequential,1.0000,1,40960000,4096,1
121,121_baseline_sequential_run01,baseline,sequential,1773854664.635284,/big.txt,40960000,65536,sequential,1.0000,1,41025536,4096,1
121,121_baseline_sequential_run01,baseline,sequential,1773854664.635325,/big.txt,41025536,65536,sequential,1.0000,1,41091072,4096,1
121,121_baseline_sequential_run01,baseline,sequential,1773854664.635366,/big.txt,41091072,65536,sequential,1.0000,1,41156608,4096,1
121,121_baseline_sequential_run01,baseline,sequential,1773854664.635408,/big.txt,41156608,65536,sequential,1.0000,1,41222144,4096,1
121,121_baseline_sequential_run01,baseline,sequential,1773854664.6354492,/big.txt,41222144,65536,sequential,1.0000,1,41287680,4096,1
121,121_baseline_sequential_run01,baseline,sequential,1773854664.637383,/big.txt,41287680,65536,sequential,1.0000,1,41353216,4096,1
121,121_baseline_sequential_run01,baseline,sequential,1773854664.637433,/big.txt,41353216,65536,sequential,1.0000,1,41418752,4096,1
121,121_baseline_sequential_run01,baseline,sequential,1773854664.6374772,/big.txt,41418752,65536,sequential,1.0000,1,41484288,4096,1
121,121_baseline_sequential_run01,baseline,sequential,1773854664.6375191,/big.txt,41484288,65536,sequential,1.0000,1,41549824,4096,1
121,121_baseline_sequential_run01,baseline,sequential,1773854664.637572,/big.txt,41549824,65536,sequential,1.0000,1,41615360,4096,1
121,121_baseline_sequential_run01,baseline,sequential,1773854664.637614,/big.txt,41615360,65536,sequential,1.0000,1,41680896,4096,1
121,121_baseline_sequential_run01,baseline,sequential,1773854664.6376572,/big.txt,41680896,65536,sequential,1.0000,1,41746432,4096,1
121,121_baseline_sequential_run01,baseline,sequential,1773854664.6377118,/big.txt,41746432,65536,sequential,1.0000,1,41811968,4096,1
121,121_baseline_sequential_run01,baseline,sequential,1773854664.63776,/big.txt,41811968,65536,sequential,1.0000,1,41877504,4096,1
121,121_baseline_sequential_run01,baseline,sequential,1773854664.637812,/big.txt,41877504,65536,sequential,1.0000,1,41943040,4096,1
121,121_baseline_sequential_run01,baseline,sequential,1773854664.637862,/big.txt,41943040,65536,sequential,1.0000,1,42008576,4096,1
121,121_baseline_sequential_run01,baseline,sequential,1773854664.6379101,/big.txt,42008576,65536,sequential,1.0000,1,42074112,4096,1
121,121_baseline_sequential_run01,baseline,sequential,1773854664.6379662,/big.txt,42074112,65536,sequential,1.0000,1,42139648,4096,1
121,121_baseline_sequential_run01,baseline,sequential,1773854664.638017,/big.txt,42139648,65536,sequential,1.0000,1,42205184,4096,1
121,121_baseline_sequential_run01,baseline,sequential,1773854664.638068,/big.txt,42205184,65536,sequential,1.0000,1,42270720,4096,1
121,121_baseline_sequential_run01,baseline,sequential,1773854664.63811,/big.txt,42270720,65536,sequential,1.0000,1,42336256,4096,1
121,121_baseline_sequential_run01,baseline,sequential,1773854664.638154,/big.txt,42336256,65536,sequential,1.0000,1,42401792,4096,1
121,121_baseline_sequential_run01,baseline,sequential,1773854664.638201,/big.txt,42401792,65536,sequential,1.0000,1,42467328,4096,1
121,121_baseline_sequential_run01,baseline,sequential,1773854664.638247,/big.txt,42467328,65536,sequential,1.0000,1,42532864,4096,1
121,121_baseline_sequential_run01,baseline,sequential,1773854664.638303,/big.txt,42532864,65536,sequential,1.0000,1,42598400,4096,1
121,121_baseline_sequential_run01,baseline,sequential,1773854664.6383529,/big.txt,42598400,65536,sequential,1.0000,1,42663936,4096,1
121,121_baseline_sequential_run01,baseline,sequential,1773854664.638397,/big.txt,42663936,65536,sequential,1.0000,1,42729472,4096,1
121,121_baseline_sequential_run01,baseline,sequential,1773854664.638439,/big.txt,42729472,65536,sequential,1.0000,1,42795008,4096,1
121,121_baseline_sequential_run01,baseline,sequential,1773854664.638481,/big.txt,42795008,65536,sequential,1.0000,1,42860544,4096,1
121,121_baseline_sequential_run01,baseline,sequential,1773854664.6385229,/big.txt,42860544,65536,sequential,1.0000,1,42926080,4096,1
121,121_baseline_sequential_run01,baseline,sequential,1773854664.638564,/big.txt,42926080,65536,sequential,1.0000,1,42991616,4096,1
121,121_baseline_sequential_run01,baseline,sequential,1773854664.638608,/big.txt,42991616,65536,sequential,1.0000,1,43057152,4096,1
121,121_baseline_sequential_run01,baseline,sequential,1773854664.6386502,/big.txt,43057152,65536,sequential,1.0000,1,43122688,4096,1
121,121_baseline_sequential_run01,baseline,sequential,1773854664.6386921,/big.txt,43122688,65536,sequential,1.0000,1,43188224,4096,1
121,121_baseline_sequential_run01,baseline,sequential,1773854664.63874,/big.txt,43188224,65536,sequential,1.0000,1,43253760,4096,1
121,121_baseline_sequential_run01,baseline,sequential,1773854664.638782,/big.txt,43253760,65536,sequential,1.0000,1,43319296,4096,1
121,121_baseline_sequential_run01,baseline,sequential,1773854664.638824,/big.txt,43319296,65536,sequential,1.0000,1,43384832,4096,1
121,121_baseline_sequential_run01,baseline,sequential,1773854664.638866,/big.txt,43384832,65536,sequential,1.0000,1,43450368,4096,1
121,121_baseline_sequential_run01,baseline,sequential,1773854664.6389089,/big.txt,43450368,65536,sequential,1.0000,1,43515904,4096,1
121,121_baseline_sequential_run01,baseline,sequential,1773854664.6389508,/big.txt,43515904,65536,sequential,1.0000,1,43581440,4096,1
121,121_baseline_sequential_run01,baseline,sequential,1773854664.638994,/big.txt,43581440,65536,sequential,1.0000,1,43646976,4096,1
121,121_baseline_sequential_run01,baseline,sequential,1773854664.639036,/big.txt,43646976,65536,sequential,1.0000,1,43712512,4096,1
121,121_baseline_sequential_run01,baseline,sequential,1773854664.639078,/big.txt,43712512,65536,sequential,1.0000,1,43778048,4096,1
121,121_baseline_sequential_run01,baseline,sequential,1773854664.6391191,/big.txt,43778048,65536,sequential,1.0000,1,43843584,4096,1
121,121_baseline_sequential_run01,baseline,sequential,1773854664.6391602,/big.txt,43843584,65536,sequential,1.0000,1,43909120,4096,1
121,121_baseline_sequential_run01,baseline,sequential,1773854664.639202,/big.txt,43909120,65536,sequential,1.0000,1,43974656,4096,1
121,121_baseline_sequential_run01,baseline,sequential,1773854664.639244,/big.txt,43974656,65536,sequential,1.0000,1,44040192,4096,1
121,121_baseline_sequential_run01,baseline,sequential,1773854664.639286,/big.txt,44040192,65536,sequential,1.0000,1,44105728,4096,1
121,121_baseline_sequential_run01,baseline,sequential,1773854664.639327,/big.txt,44105728,65536,sequential,1.0000,1,44171264,4096,1
121,121_baseline_sequential_run01,baseline,sequential,1773854664.639369,/big.txt,44171264,65536,sequential,1.0000,1,44236800,4096,1
121,121_baseline_sequential_run01,baseline,sequential,1773854664.639414,/big.txt,44236800,65536,sequential,1.0000,1,44302336,4096,1
121,121_baseline_sequential_run01,baseline,sequential,1773854664.639455,/big.txt,44302336,65536,sequential,1.0000,1,44367872,4096,1
121,121_baseline_sequential_run01,baseline,sequential,1773854664.639497,/big.txt,44367872,65536,sequential,1.0000,1,44433408,4096,1
121,121_baseline_sequential_run01,baseline,sequential,1773854664.63954,/big.txt,44433408,65536,sequential,1.0000,1,44498944,4096,1
121,121_baseline_sequential_run01,baseline,sequential,1773854664.639582,/big.txt,44498944,65536,sequential,1.0000,1,44564480,4096,1
121,121_baseline_sequential_run01,baseline,sequential,1773854664.639625,/big.txt,44564480,65536,sequential,1.0000,1,44630016,4096,1
121,121_baseline_sequential_run01,baseline,sequential,1773854664.639669,/big.txt,44630016,65536,sequential,1.0000,1,44695552,4096,1
121,121_baseline_sequential_run01,baseline,sequential,1773854664.639711,/big.txt,44695552,65536,sequential,1.0000,1,44761088,4096,1
121,121_baseline_sequential_run01,baseline,sequential,1773854664.639755,/big.txt,44761088,65536,sequential,1.0000,1,44826624,4096,1
121,121_baseline_sequential_run01,baseline,sequential,1773854664.639798,/big.txt,44826624,65536,sequential,1.0000,1,44892160,4096,1
121,121_baseline_sequential_run01,baseline,sequential,1773854664.63984,/big.txt,44892160,65536,sequential,1.0000,1,44957696,4096,1
121,121_baseline_sequential_run01,baseline,sequential,1773854664.639882,/big.txt,44957696,65536,sequential,1.0000,1,45023232,4096,1
121,121_baseline_sequential_run01,baseline,sequential,1773854664.639924,/big.txt,45023232,65536,sequential,1.0000,1,45088768,4096,1
121,121_baseline_sequential_run01,baseline,sequential,1773854664.639968,/big.txt,45088768,65536,sequential,1.0000,1,45154304,4096,1
121,121_baseline_sequential_run01,baseline,sequential,1773854664.640013,/big.txt,45154304,65536,sequential,1.0000,1,45219840,4096,1
121,121_baseline_sequential_run01,baseline,sequential,1773854664.640058,/big.txt,45219840,65536,sequential,1.0000,1,45285376,4096,1
121,121_baseline_sequential_run01,baseline,sequential,1773854664.6401012,/big.txt,45285376,65536,sequential,1.0000,1,45350912,4096,1
121,121_baseline_sequential_run01,baseline,sequential,1773854664.6401432,/big.txt,45350912,65536,sequential,1.0000,1,45416448,4096,1
121,121_baseline_sequential_run01,baseline,sequential,1773854664.640185,/big.txt,45416448,65536,sequential,1.0000,1,45481984,4096,1
121,121_baseline_sequential_run01,baseline,sequential,1773854664.643718,/big.txt,45481984,65536,sequential,1.0000,1,45547520,4096,1
121,121_baseline_sequential_run01,baseline,sequential,1773854664.643766,/big.txt,45547520,65536,sequential,1.0000,1,45613056,4096,1
121,121_baseline_sequential_run01,baseline,sequential,1773854664.6438148,/big.txt,45613056,65536,sequential,1.0000,1,45678592,4096,1
121,121_baseline_sequential_run01,baseline,sequential,1773854664.643863,/big.txt,45678592,65536,sequential,1.0000,1,45744128,4096,1
121,121_baseline_sequential_run01,baseline,sequential,1773854664.643905,/big.txt,45744128,65536,sequential,1.0000,1,45809664,4096,1
121,121_baseline_sequential_run01,baseline,sequential,1773854664.64395,/big.txt,45809664,65536,sequential,1.0000,1,45875200,4096,1
121,121_baseline_sequential_run01,baseline,sequential,1773854664.643998,/big.txt,45875200,65536,sequential,1.0000,1,45940736,4096,1
121,121_baseline_sequential_run01,baseline,sequential,1773854664.644044,/big.txt,45940736,65536,sequential,1.0000,1,46006272,4096,1
121,121_baseline_sequential_run01,baseline,sequential,1773854664.644088,/big.txt,46006272,65536,sequential,1.0000,1,46071808,4096,1
121,121_baseline_sequential_run01,baseline,sequential,1773854664.644133,/big.txt,46071808,65536,sequential,1.0000,1,46137344,4096,1
121,121_baseline_sequential_run01,baseline,sequential,1773854664.6441758,/big.txt,46137344,65536,sequential,1.0000,1,46202880,4096,1
121,121_baseline_sequential_run01,baseline,sequential,1773854664.6442251,/big.txt,46202880,65536,sequential,1.0000,1,46268416,4096,1
121,121_baseline_sequential_run01,baseline,sequential,1773854664.644268,/big.txt,46268416,65536,sequential,1.0000,1,46333952,4096,1
121,121_baseline_sequential_run01,baseline,sequential,1773854664.64431,/big.txt,46333952,65536,sequential,1.0000,1,46399488,4096,1
121,121_baseline_sequential_run01,baseline,sequential,1773854664.644352,/big.txt,46399488,65536,sequential,1.0000,1,46465024,4096,1
121,121_baseline_sequential_run01,baseline,sequential,1773854664.644395,/big.txt,46465024,65536,sequential,1.0000,1,46530560,4096,1
121,121_baseline_sequential_run01,baseline,sequential,1773854664.644437,/big.txt,46530560,65536,sequential,1.0000,1,46596096,4096,1
121,121_baseline_sequential_run01,baseline,sequential,1773854664.644479,/big.txt,46596096,65536,sequential,1.0000,1,46661632,4096,1
121,121_baseline_sequential_run01,baseline,sequential,1773854664.644521,/big.txt,46661632,65536,sequential,1.0000,1,46727168,4096,1
121,121_baseline_sequential_run01,baseline,sequential,1773854664.644563,/big.txt,46727168,65536,sequential,1.0000,1,46792704,4096,1
121,121_baseline_sequential_run01,baseline,sequential,1773854664.644605,/big.txt,46792704,65536,sequential,1.0000,1,46858240,4096,1
121,121_baseline_sequential_run01,baseline,sequential,1773854664.6446478,/big.txt,46858240,65536,sequential,1.0000,1,46923776,4096,1
121,121_baseline_sequential_run01,baseline,sequential,1773854664.64469,/big.txt,46923776,65536,sequential,1.0000,1,46989312,4096,1
121,121_baseline_sequential_run01,baseline,sequential,1773854664.644733,/big.txt,46989312,65536,sequential,1.0000,1,47054848,4096,1
121,121_baseline_sequential_run01,baseline,sequential,1773854664.644775,/big.txt,47054848,65536,sequential,1.0000,1,47120384,4096,1
121,121_baseline_sequential_run01,baseline,sequential,1773854664.6448178,/big.txt,47120384,65536,sequential,1.0000,1,47185920,4096,1
121,121_baseline_sequential_run01,baseline,sequential,1773854664.644861,/big.txt,47185920,65536,sequential,1.0000,1,47251456,4096,1
121,121_baseline_sequential_run01,baseline,sequential,1773854664.644903,/big.txt,47251456,65536,sequential,1.0000,1,47316992,4096,1
121,121_baseline_sequential_run01,baseline,sequential,1773854664.644945,/big.txt,47316992,65536,sequential,1.0000,1,47382528,4096,1
121,121_baseline_sequential_run01,baseline,sequential,1773854664.6449869,/big.txt,47382528,65536,sequential,1.0000,1,47448064,4096,1
121,121_baseline_sequential_run01,baseline,sequential,1773854664.6450298,/big.txt,47448064,65536,sequential,1.0000,1,47513600,4096,1
121,121_baseline_sequential_run01,baseline,sequential,1773854664.645072,/big.txt,47513600,65536,sequential,1.0000,1,47579136,4096,1
121,121_baseline_sequential_run01,baseline,sequential,1773854664.6451142,/big.txt,47579136,65536,sequential,1.0000,1,47644672,4096,1
121,121_baseline_sequential_run01,baseline,sequential,1773854664.645157,/big.txt,47644672,65536,sequential,1.0000,1,47710208,4096,1
121,121_baseline_sequential_run01,baseline,sequential,1773854664.645199,/big.txt,47710208,65536,sequential,1.0000,1,47775744,4096,1
121,121_baseline_sequential_run01,baseline,sequential,1773854664.645241,/big.txt,47775744,65536,sequential,1.0000,1,47841280,4096,1
121,121_baseline_sequential_run01,baseline,sequential,1773854664.6452842,/big.txt,47841280,65536,sequential,1.0000,1,47906816,4096,1
121,121_baseline_sequential_run01,baseline,sequential,1773854664.645327,/big.txt,47906816,65536,sequential,1.0000,1,47972352,4096,1
121,121_baseline_sequential_run01,baseline,sequential,1773854664.645369,/big.txt,47972352,65536,sequential,1.0000,1,48037888,4096,1
121,121_baseline_sequential_run01,baseline,sequential,1773854664.6454122,/big.txt,48037888,65536,sequential,1.0000,1,48103424,4096,1
121,121_baseline_sequential_run01,baseline,sequential,1773854664.6454542,/big.txt,48103424,65536,sequential,1.0000,1,48168960,4096,1
121,121_baseline_sequential_run01,baseline,sequential,1773854664.6454961,/big.txt,48168960,65536,sequential,1.0000,1,48234496,4096,1
121,121_baseline_sequential_run01,baseline,sequential,1773854664.645539,/big.txt,48234496,65536,sequential,1.0000,1,48300032,4096,1
121,121_baseline_sequential_run01,baseline,sequential,1773854664.6455822,/big.txt,48300032,65536,sequential,1.0000,1,48365568,4096,1
121,121_baseline_sequential_run01,baseline,sequential,1773854664.645625,/big.txt,48365568,65536,sequential,1.0000,1,48431104,4096,1
121,121_baseline_sequential_run01,baseline,sequential,1773854664.645668,/big.txt,48431104,65536,sequential,1.0000,1,48496640,4096,1
121,121_baseline_sequential_run01,baseline,sequential,1773854664.6457129,/big.txt,48496640,65536,sequential,1.0000,1,48562176,4096,1
121,121_baseline_sequential_run01,baseline,sequential,1773854664.645757,/big.txt,48562176,65536,sequential,1.0000,1,48627712,4096,1
121,121_baseline_sequential_run01,baseline,sequential,1773854664.645798,/big.txt,48627712,65536,sequential,1.0000,1,48693248,4096,1
121,121_baseline_sequential_run01,baseline,sequential,1773854664.645841,/big.txt,48693248,65536,sequential,1.0000,1,48758784,4096,1
121,121_baseline_sequential_run01,baseline,sequential,1773854664.6458828,/big.txt,48758784,65536,sequential,1.0000,1,48824320,4096,1
121,121_baseline_sequential_run01,baseline,sequential,1773854664.645927,/big.txt,48824320,65536,sequential,1.0000,1,48889856,4096,1
121,121_baseline_sequential_run01,baseline,sequential,1773854664.645971,/big.txt,48889856,65536,sequential,1.0000,1,48955392,4096,1
121,121_baseline_sequential_run01,baseline,sequential,1773854664.646013,/big.txt,48955392,65536,sequential,1.0000,1,49020928,4096,1
121,121_baseline_sequential_run01,baseline,sequential,1773854664.646055,/big.txt,49020928,65536,sequential,1.0000,1,49086464,4096,1
121,121_baseline_sequential_run01,baseline,sequential,1773854664.646098,/big.txt,49086464,65536,sequential,1.0000,1,49152000,4096,1
121,121_baseline_sequential_run01,baseline,sequential,1773854664.6461408,/big.txt,49152000,65536,sequential,1.0000,1,49217536,4096,1
121,121_baseline_sequential_run01,baseline,sequential,1773854664.646184,/big.txt,49217536,65536,sequential,1.0000,1,49283072,4096,1
121,121_baseline_sequential_run01,baseline,sequential,1773854664.646228,/big.txt,49283072,65536,sequential,1.0000,1,49348608,4096,1
121,121_baseline_sequential_run01,baseline,sequential,1773854664.64627,/big.txt,49348608,65536,sequential,1.0000,1,49414144,4096,1
121,121_baseline_sequential_run01,baseline,sequential,1773854664.646313,/big.txt,49414144,65536,sequential,1.0000,1,49479680,4096,1
121,121_baseline_sequential_run01,baseline,sequential,1773854664.6463602,/big.txt,49479680,65536,sequential,1.0000,1,49545216,4096,1
121,121_baseline_sequential_run01,baseline,sequential,1773854664.646404,/big.txt,49545216,65536,sequential,1.0000,1,49610752,4096,1
121,121_baseline_sequential_run01,baseline,sequential,1773854664.6464481,/big.txt,49610752,65536,sequential,1.0000,1,49676288,4096,1
121,121_baseline_sequential_run01,baseline,sequential,1773854664.647733,/big.txt,49676288,65536,sequential,1.0000,1,49741824,4096,1
121,121_baseline_sequential_run01,baseline,sequential,1773854664.6477802,/big.txt,49741824,65536,sequential,1.0000,1,49807360,4096,1
121,121_baseline_sequential_run01,baseline,sequential,1773854664.647829,/big.txt,49807360,65536,sequential,1.0000,1,49872896,4096,1
121,121_baseline_sequential_run01,baseline,sequential,1773854664.647874,/big.txt,49872896,65536,sequential,1.0000,1,49938432,4096,1
121,121_baseline_sequential_run01,baseline,sequential,1773854664.6479208,/big.txt,49938432,65536,sequential,1.0000,1,50003968,4096,1
121,121_baseline_sequential_run01,baseline,sequential,1773854664.6479712,/big.txt,50003968,65536,sequential,1.0000,1,50069504,4096,1
121,121_baseline_sequential_run01,baseline,sequential,1773854664.648025,/big.txt,50069504,65536,sequential,1.0000,1,50135040,4096,1
121,121_baseline_sequential_run01,baseline,sequential,1773854664.6480792,/big.txt,50135040,65536,sequential,1.0000,1,50200576,4096,1
121,121_baseline_sequential_run01,baseline,sequential,1773854664.6481228,/big.txt,50200576,65536,sequential,1.0000,1,50266112,4096,1
121,121_baseline_sequential_run01,baseline,sequential,1773854664.6481721,/big.txt,50266112,65536,sequential,1.0000,1,50331648,4096,1
121,121_baseline_sequential_run01,baseline,sequential,1773854664.6482172,/big.txt,50331648,65536,sequential,1.0000,1,50397184,4096,1
121,121_baseline_sequential_run01,baseline,sequential,1773854664.6482592,/big.txt,50397184,65536,sequential,1.0000,1,50462720,4096,1
121,121_baseline_sequential_run01,baseline,sequential,1773854664.648303,/big.txt,50462720,65536,sequential,1.0000,1,50528256,4096,1
121,121_baseline_sequential_run01,baseline,sequential,1773854664.648353,/big.txt,50528256,65536,sequential,1.0000,1,50593792,4096,1
121,121_baseline_sequential_run01,baseline,sequential,1773854664.648397,/big.txt,50593792,65536,sequential,1.0000,1,50659328,4096,1
121,121_baseline_sequential_run01,baseline,sequential,1773854664.648447,/big.txt,50659328,65536,sequential,1.0000,1,50724864,4096,1
121,121_baseline_sequential_run01,baseline,sequential,1773854664.648494,/big.txt,50724864,65536,sequential,1.0000,1,50790400,4096,1
121,121_baseline_sequential_run01,baseline,sequential,1773854664.6485472,/big.txt,50790400,65536,sequential,1.0000,1,50855936,4096,1
121,121_baseline_sequential_run01,baseline,sequential,1773854664.648601,/big.txt,50855936,65536,sequential,1.0000,1,50921472,4096,1
121,121_baseline_sequential_run01,baseline,sequential,1773854664.648659,/big.txt,50921472,65536,sequential,1.0000,1,50987008,4096,1
121,121_baseline_sequential_run01,baseline,sequential,1773854664.648709,/big.txt,50987008,65536,sequential,1.0000,1,51052544,4096,1
121,121_baseline_sequential_run01,baseline,sequential,1773854664.648761,/big.txt,51052544,65536,sequential,1.0000,1,51118080,4096,1
121,121_baseline_sequential_run01,baseline,sequential,1773854664.6488051,/big.txt,51118080,65536,sequential,1.0000,1,51183616,4096,1
121,121_baseline_sequential_run01,baseline,sequential,1773854664.648861,/big.txt,51183616,65536,sequential,1.0000,1,51249152,4096,1
121,121_baseline_sequential_run01,baseline,sequential,1773854664.648907,/big.txt,51249152,65536,sequential,1.0000,1,51314688,4096,1
121,121_baseline_sequential_run01,baseline,sequential,1773854664.64895,/big.txt,51314688,65536,sequential,1.0000,1,51380224,4096,1
121,121_baseline_sequential_run01,baseline,sequential,1773854664.648994,/big.txt,51380224,65536,sequential,1.0000,1,51445760,4096,1
121,121_baseline_sequential_run01,baseline,sequential,1773854664.6490428,/big.txt,51445760,65536,sequential,1.0000,1,51511296,4096,1
121,121_baseline_sequential_run01,baseline,sequential,1773854664.649106,/big.txt,51511296,65536,sequential,1.0000,1,51576832,4096,1
121,121_baseline_sequential_run01,baseline,sequential,1773854664.649151,/big.txt,51576832,65536,sequential,1.0000,1,51642368,4096,1
121,121_baseline_sequential_run01,baseline,sequential,1773854664.649194,/big.txt,51642368,65536,sequential,1.0000,1,51707904,4096,1
121,121_baseline_sequential_run01,baseline,sequential,1773854664.649237,/big.txt,51707904,65536,sequential,1.0000,1,51773440,4096,1
121,121_baseline_sequential_run01,baseline,sequential,1773854664.6492789,/big.txt,51773440,65536,sequential,1.0000,1,51838976,4096,1
121,121_baseline_sequential_run01,baseline,sequential,1773854664.649322,/big.txt,51838976,65536,sequential,1.0000,1,51904512,4096,1
121,121_baseline_sequential_run01,baseline,sequential,1773854664.649365,/big.txt,51904512,65536,sequential,1.0000,1,51970048,4096,1
121,121_baseline_sequential_run01,baseline,sequential,1773854664.649408,/big.txt,51970048,65536,sequential,1.0000,1,52035584,4096,1
121,121_baseline_sequential_run01,baseline,sequential,1773854664.64945,/big.txt,52035584,65536,sequential,1.0000,1,52101120,4096,1
121,121_baseline_sequential_run01,baseline,sequential,1773854664.649492,/big.txt,52101120,65536,sequential,1.0000,1,52166656,4096,1
121,121_baseline_sequential_run01,baseline,sequential,1773854664.649536,/big.txt,52166656,65536,sequential,1.0000,1,52232192,4096,1
121,121_baseline_sequential_run01,baseline,sequential,1773854664.649578,/big.txt,52232192,65536,sequential,1.0000,1,52297728,4096,1
121,121_baseline_sequential_run01,baseline,sequential,1773854664.64962,/big.txt,52297728,65536,sequential,1.0000,1,52363264,4096,1
121,121_baseline_sequential_run01,baseline,sequential,1773854664.649662,/big.txt,52363264,65536,sequential,1.0000,1,52428800,4096,1
121,121_baseline_sequential_run01,baseline,sequential,1773854664.649704,/big.txt,52428800,65536,sequential,1.0000,1,52494336,4096,1
121,121_baseline_sequential_run01,baseline,sequential,1773854664.649746,/big.txt,52494336,65536,sequential,1.0000,1,52559872,4096,1
121,121_baseline_sequential_run01,baseline,sequential,1773854664.649788,/big.txt,52559872,65536,sequential,1.0000,1,52625408,4096,1
121,121_baseline_sequential_run01,baseline,sequential,1773854664.6498299,/big.txt,52625408,65536,sequential,1.0000,1,52690944,4096,1
121,121_baseline_sequential_run01,baseline,sequential,1773854664.6498728,/big.txt,52690944,65536,sequential,1.0000,1,52756480,4096,1
121,121_baseline_sequential_run01,baseline,sequential,1773854664.649915,/big.txt,52756480,65536,sequential,1.0000,1,52822016,4096,1
121,121_baseline_sequential_run01,baseline,sequential,1773854664.6499572,/big.txt,52822016,65536,sequential,1.0000,1,52887552,4096,1
121,121_baseline_sequential_run01,baseline,sequential,1773854664.6499991,/big.txt,52887552,65536,sequential,1.0000,1,52953088,4096,1
121,121_baseline_sequential_run01,baseline,sequential,1773854664.6500401,/big.txt,52953088,65536,sequential,1.0000,1,53018624,4096,1
121,121_baseline_sequential_run01,baseline,sequential,1773854664.650082,/big.txt,53018624,65536,sequential,1.0000,1,53084160,4096,1
121,121_baseline_sequential_run01,baseline,sequential,1773854664.650124,/big.txt,53084160,65536,sequential,1.0000,1,53149696,4096,1
121,121_baseline_sequential_run01,baseline,sequential,1773854664.650167,/big.txt,53149696,65536,sequential,1.0000,1,53215232,4096,1
121,121_baseline_sequential_run01,baseline,sequential,1773854664.6502101,/big.txt,53215232,65536,sequential,1.0000,1,53280768,4096,1
121,121_baseline_sequential_run01,baseline,sequential,1773854664.650252,/big.txt,53280768,65536,sequential,1.0000,1,53346304,4096,1
121,121_baseline_sequential_run01,baseline,sequential,1773854664.650294,/big.txt,53346304,65536,sequential,1.0000,1,53411840,4096,1
121,121_baseline_sequential_run01,baseline,sequential,1773854664.650337,/big.txt,53411840,65536,sequential,1.0000,1,53477376,4096,1
121,121_baseline_sequential_run01,baseline,sequential,1773854664.650379,/big.txt,53477376,65536,sequential,1.0000,1,53542912,4096,1
121,121_baseline_sequential_run01,baseline,sequential,1773854664.650421,/big.txt,53542912,65536,sequential,1.0000,1,53608448,4096,1
121,121_baseline_sequential_run01,baseline,sequential,1773854664.6504629,/big.txt,53608448,65536,sequential,1.0000,1,53673984,4096,1
121,121_baseline_sequential_run01,baseline,sequential,1773854664.650507,/big.txt,53673984,65536,sequential,1.0000,1,53739520,4096,1
121,121_baseline_sequential_run01,baseline,sequential,1773854664.650549,/big.txt,53739520,65536,sequential,1.0000,1,53805056,4096,1
121,121_baseline_sequential_run01,baseline,sequential,1773854664.650591,/big.txt,53805056,65536,sequential,1.0000,1,53870592,4096,1
121,121_baseline_sequential_run01,baseline,sequential,1773854664.650825,/big.txt,53870592,65536,sequential,1.0000,1,53936128,4096,1
121,121_baseline_sequential_run01,baseline,sequential,1773854664.650869,/big.txt,53936128,65536,sequential,1.0000,1,54001664,4096,1
121,121_baseline_sequential_run01,baseline,sequential,1773854664.650913,/big.txt,54001664,65536,sequential,1.0000,1,54067200,4096,1
121,121_baseline_sequential_run01,baseline,sequential,1773854664.650956,/big.txt,54067200,65536,sequential,1.0000,1,54132736,4096,1
121,121_baseline_sequential_run01,baseline,sequential,1773854664.651007,/big.txt,54132736,65536,sequential,1.0000,1,54198272,4096,1
121,121_baseline_sequential_run01,baseline,sequential,1773854664.651056,/big.txt,54198272,65536,sequential,1.0000,1,54263808,4096,1
121,121_baseline_sequential_run01,baseline,sequential,1773854664.651099,/big.txt,54263808,65536,sequential,1.0000,1,54329344,4096,1
121,121_baseline_sequential_run01,baseline,sequential,1773854664.6511428,/big.txt,54329344,65536,sequential,1.0000,1,54394880,4096,1
121,121_baseline_sequential_run01,baseline,sequential,1773854664.651194,/big.txt,54394880,65536,sequential,1.0000,1,54460416,4096,1
121,121_baseline_sequential_run01,baseline,sequential,1773854664.651241,/big.txt,54460416,65536,sequential,1.0000,1,54525952,4096,1
121,121_baseline_sequential_run01,baseline,sequential,1773854664.651284,/big.txt,54525952,65536,sequential,1.0000,1,54591488,4096,1
121,121_baseline_sequential_run01,baseline,sequential,1773854664.651327,/big.txt,54591488,65536,sequential,1.0000,1,54657024,4096,1
121,121_baseline_sequential_run01,baseline,sequential,1773854664.651371,/big.txt,54657024,65536,sequential,1.0000,1,54722560,4096,1
121,121_baseline_sequential_run01,baseline,sequential,1773854664.651414,/big.txt,54722560,65536,sequential,1.0000,1,54788096,4096,1
121,121_baseline_sequential_run01,baseline,sequential,1773854664.651457,/big.txt,54788096,65536,sequential,1.0000,1,54853632,4096,1
121,121_baseline_sequential_run01,baseline,sequential,1773854664.651509,/big.txt,54853632,65536,sequential,1.0000,1,54919168,4096,1
121,121_baseline_sequential_run01,baseline,sequential,1773854664.651554,/big.txt,54919168,65536,sequential,1.0000,1,54984704,4096,1
121,121_baseline_sequential_run01,baseline,sequential,1773854664.6516,/big.txt,54984704,65536,sequential,1.0000,1,55050240,4096,1
121,121_baseline_sequential_run01,baseline,sequential,1773854664.651646,/big.txt,55050240,65536,sequential,1.0000,1,55115776,4096,1
121,121_baseline_sequential_run01,baseline,sequential,1773854664.651694,/big.txt,55115776,65536,sequential,1.0000,1,55181312,4096,1
121,121_baseline_sequential_run01,baseline,sequential,1773854664.6517398,/big.txt,55181312,65536,sequential,1.0000,1,55246848,4096,1
121,121_baseline_sequential_run01,baseline,sequential,1773854664.651785,/big.txt,55246848,65536,sequential,1.0000,1,55312384,4096,1
121,121_baseline_sequential_run01,baseline,sequential,1773854664.6518312,/big.txt,55312384,65536,sequential,1.0000,1,55377920,4096,1
121,121_baseline_sequential_run01,baseline,sequential,1773854664.6518762,/big.txt,55377920,65536,sequential,1.0000,1,55443456,4096,1
121,121_baseline_sequential_run01,baseline,sequential,1773854664.651925,/big.txt,55443456,65536,sequential,1.0000,1,55508992,4096,1
121,121_baseline_sequential_run01,baseline,sequential,1773854664.651972,/big.txt,55508992,65536,sequential,1.0000,1,55574528,4096,1
121,121_baseline_sequential_run01,baseline,sequential,1773854664.652027,/big.txt,55574528,65536,sequential,1.0000,1,55640064,4096,1
121,121_baseline_sequential_run01,baseline,sequential,1773854664.652071,/big.txt,55640064,65536,sequential,1.0000,1,55705600,4096,1
121,121_baseline_sequential_run01,baseline,sequential,1773854664.652118,/big.txt,55705600,65536,sequential,1.0000,1,55771136,4096,1
121,121_baseline_sequential_run01,baseline,sequential,1773854664.652169,/big.txt,55771136,65536,sequential,1.0000,1,55836672,4096,1
121,121_baseline_sequential_run01,baseline,sequential,1773854664.652213,/big.txt,55836672,65536,sequential,1.0000,1,55902208,4096,1
121,121_baseline_sequential_run01,baseline,sequential,1773854664.6522582,/big.txt,55902208,65536,sequential,1.0000,1,55967744,4096,1
121,121_baseline_sequential_run01,baseline,sequential,1773854664.652315,/big.txt,55967744,65536,sequential,1.0000,1,56033280,4096,1
121,121_baseline_sequential_run01,baseline,sequential,1773854664.652364,/big.txt,56033280,65536,sequential,1.0000,1,56098816,4096,1
121,121_baseline_sequential_run01,baseline,sequential,1773854664.6524239,/big.txt,56098816,65536,sequential,1.0000,1,56164352,4096,1
121,121_baseline_sequential_run01,baseline,sequential,1773854664.652467,/big.txt,56164352,65536,sequential,1.0000,1,56229888,4096,1
121,121_baseline_sequential_run01,baseline,sequential,1773854664.652514,/big.txt,56229888,65536,sequential,1.0000,1,56295424,4096,1
121,121_baseline_sequential_run01,baseline,sequential,1773854664.652562,/big.txt,56295424,65536,sequential,1.0000,1,56360960,4096,1
121,121_baseline_sequential_run01,baseline,sequential,1773854664.6526132,/big.txt,56360960,65536,sequential,1.0000,1,56426496,4096,1
121,121_baseline_sequential_run01,baseline,sequential,1773854664.65266,/big.txt,56426496,65536,sequential,1.0000,1,56492032,4096,1
121,121_baseline_sequential_run01,baseline,sequential,1773854664.652704,/big.txt,56492032,65536,sequential,1.0000,1,56557568,4096,1
121,121_baseline_sequential_run01,baseline,sequential,1773854664.652749,/big.txt,56557568,65536,sequential,1.0000,1,56623104,4096,1
121,121_baseline_sequential_run01,baseline,sequential,1773854664.6527958,/big.txt,56623104,65536,sequential,1.0000,1,56688640,4096,1
121,121_baseline_sequential_run01,baseline,sequential,1773854664.6528409,/big.txt,56688640,65536,sequential,1.0000,1,56754176,4096,1
121,121_baseline_sequential_run01,baseline,sequential,1773854664.652891,/big.txt,56754176,65536,sequential,1.0000,1,56819712,4096,1
121,121_baseline_sequential_run01,baseline,sequential,1773854664.652935,/big.txt,56819712,65536,sequential,1.0000,1,56885248,4096,1
121,121_baseline_sequential_run01,baseline,sequential,1773854664.652979,/big.txt,56885248,65536,sequential,1.0000,1,56950784,4096,1
121,121_baseline_sequential_run01,baseline,sequential,1773854664.653022,/big.txt,56950784,65536,sequential,1.0000,1,57016320,4096,1
121,121_baseline_sequential_run01,baseline,sequential,1773854664.653065,/big.txt,57016320,65536,sequential,1.0000,1,57081856,4096,1
121,121_baseline_sequential_run01,baseline,sequential,1773854664.653108,/big.txt,57081856,65536,sequential,1.0000,1,57147392,4096,1
121,121_baseline_sequential_run01,baseline,sequential,1773854664.653152,/big.txt,57147392,65536,sequential,1.0000,1,57212928,4096,1
121,121_baseline_sequential_run01,baseline,sequential,1773854664.653195,/big.txt,57212928,65536,sequential,1.0000,1,57278464,4096,1
121,121_baseline_sequential_run01,baseline,sequential,1773854664.653238,/big.txt,57278464,65536,sequential,1.0000,1,57344000,4096,1
121,121_baseline_sequential_run01,baseline,sequential,1773854664.6532822,/big.txt,57344000,65536,sequential,1.0000,1,57409536,4096,1
121,121_baseline_sequential_run01,baseline,sequential,1773854664.653325,/big.txt,57409536,65536,sequential,1.0000,1,57475072,4096,1
121,121_baseline_sequential_run01,baseline,sequential,1773854664.653368,/big.txt,57475072,65536,sequential,1.0000,1,57540608,4096,1
121,121_baseline_sequential_run01,baseline,sequential,1773854664.653412,/big.txt,57540608,65536,sequential,1.0000,1,57606144,4096,1
121,121_baseline_sequential_run01,baseline,sequential,1773854664.653457,/big.txt,57606144,65536,sequential,1.0000,1,57671680,4096,1
121,121_baseline_sequential_run01,baseline,sequential,1773854664.653502,/big.txt,57671680,65536,sequential,1.0000,1,57737216,4096,1
121,121_baseline_sequential_run01,baseline,sequential,1773854664.653547,/big.txt,57737216,65536,sequential,1.0000,1,57802752,4096,1
121,121_baseline_sequential_run01,baseline,sequential,1773854664.6535912,/big.txt,57802752,65536,sequential,1.0000,1,57868288,4096,1
121,121_baseline_sequential_run01,baseline,sequential,1773854664.653634,/big.txt,57868288,65536,sequential,1.0000,1,57933824,4096,1
121,121_baseline_sequential_run01,baseline,sequential,1773854664.653677,/big.txt,57933824,65536,sequential,1.0000,1,57999360,4096,1
121,121_baseline_sequential_run01,baseline,sequential,1773854664.6537201,/big.txt,57999360,65536,sequential,1.0000,1,58064896,4096,1
121,121_baseline_sequential_run01,baseline,sequential,1773854664.6540859,/big.txt,58064896,65536,sequential,1.0000,1,58130432,4096,1
121,121_baseline_sequential_run01,baseline,sequential,1773854664.65413,/big.txt,58130432,65536,sequential,1.0000,1,58195968,4096,1
121,121_baseline_sequential_run01,baseline,sequential,1773854664.654173,/big.txt,58195968,65536,sequential,1.0000,1,58261504,4096,1
121,121_baseline_sequential_run01,baseline,sequential,1773854664.654222,/big.txt,58261504,65536,sequential,1.0000,1,58327040,4096,1
121,121_baseline_sequential_run01,baseline,sequential,1773854664.654266,/big.txt,58327040,65536,sequential,1.0000,1,58392576,4096,1
121,121_baseline_sequential_run01,baseline,sequential,1773854664.65431,/big.txt,58392576,65536,sequential,1.0000,1,58458112,4096,1
121,121_baseline_sequential_run01,baseline,sequential,1773854664.654357,/big.txt,58458112,65536,sequential,1.0000,1,58523648,4096,1
121,121_baseline_sequential_run01,baseline,sequential,1773854664.654403,/big.txt,58523648,65536,sequential,1.0000,1,58589184,4096,1
121,121_baseline_sequential_run01,baseline,sequential,1773854664.654447,/big.txt,58589184,65536,sequential,1.0000,1,58654720,4096,1
121,121_baseline_sequential_run01,baseline,sequential,1773854664.65449,/big.txt,58654720,65536,sequential,1.0000,1,58720256,4096,1
121,121_baseline_sequential_run01,baseline,sequential,1773854664.6545348,/big.txt,58720256,65536,sequential,1.0000,1,58785792,4096,1
121,121_baseline_sequential_run01,baseline,sequential,1773854664.654578,/big.txt,58785792,65536,sequential,1.0000,1,58851328,4096,1
121,121_baseline_sequential_run01,baseline,sequential,1773854664.6546218,/big.txt,58851328,65536,sequential,1.0000,1,58916864,4096,1
121,121_baseline_sequential_run01,baseline,sequential,1773854664.654665,/big.txt,58916864,65536,sequential,1.0000,1,58982400,4096,1
121,121_baseline_sequential_run01,baseline,sequential,1773854664.654709,/big.txt,58982400,65536,sequential,1.0000,1,59047936,4096,1
121,121_baseline_sequential_run01,baseline,sequential,1773854664.654756,/big.txt,59047936,65536,sequential,1.0000,1,59113472,4096,1
121,121_baseline_sequential_run01,baseline,sequential,1773854664.6548,/big.txt,59113472,65536,sequential,1.0000,1,59179008,4096,1
121,121_baseline_sequential_run01,baseline,sequential,1773854664.6548429,/big.txt,59179008,65536,sequential,1.0000,1,59244544,4096,1
121,121_baseline_sequential_run01,baseline,sequential,1773854664.654896,/big.txt,59244544,65536,sequential,1.0000,1,59310080,4096,1
121,121_baseline_sequential_run01,baseline,sequential,1773854664.65494,/big.txt,59310080,65536,sequential,1.0000,1,59375616,4096,1
121,121_baseline_sequential_run01,baseline,sequential,1773854664.654998,/big.txt,59375616,65536,sequential,1.0000,1,59441152,4096,1
121,121_baseline_sequential_run01,baseline,sequential,1773854664.655041,/big.txt,59441152,65536,sequential,1.0000,1,59506688,4096,1
121,121_baseline_sequential_run01,baseline,sequential,1773854664.655096,/big.txt,59506688,65536,sequential,1.0000,1,59572224,4096,1
121,121_baseline_sequential_run01,baseline,sequential,1773854664.655139,/big.txt,59572224,65536,sequential,1.0000,1,59637760,4096,1
121,121_baseline_sequential_run01,baseline,sequential,1773854664.655197,/big.txt,59637760,65536,sequential,1.0000,1,59703296,4096,1
121,121_baseline_sequential_run01,baseline,sequential,1773854664.655244,/big.txt,59703296,65536,sequential,1.0000,1,59768832,4096,1
121,121_baseline_sequential_run01,baseline,sequential,1773854664.655296,/big.txt,59768832,65536,sequential,1.0000,1,59834368,4096,1
121,121_baseline_sequential_run01,baseline,sequential,1773854664.655352,/big.txt,59834368,65536,sequential,1.0000,1,59899904,4096,1
121,121_baseline_sequential_run01,baseline,sequential,1773854664.6554,/big.txt,59899904,65536,sequential,1.0000,1,59965440,4096,1
121,121_baseline_sequential_run01,baseline,sequential,1773854664.655444,/big.txt,59965440,65536,sequential,1.0000,1,60030976,4096,1
121,121_baseline_sequential_run01,baseline,sequential,1773854664.655489,/big.txt,60030976,65536,sequential,1.0000,1,60096512,4096,1
121,121_baseline_sequential_run01,baseline,sequential,1773854664.6555362,/big.txt,60096512,65536,sequential,1.0000,1,60162048,4096,1
121,121_baseline_sequential_run01,baseline,sequential,1773854664.655587,/big.txt,60162048,65536,sequential,1.0000,1,60227584,4096,1
121,121_baseline_sequential_run01,baseline,sequential,1773854664.655634,/big.txt,60227584,65536,sequential,1.0000,1,60293120,4096,1
121,121_baseline_sequential_run01,baseline,sequential,1773854664.6556768,/big.txt,60293120,65536,sequential,1.0000,1,60358656,4096,1
121,121_baseline_sequential_run01,baseline,sequential,1773854664.655721,/big.txt,60358656,65536,sequential,1.0000,1,60424192,4096,1
121,121_baseline_sequential_run01,baseline,sequential,1773854664.655776,/big.txt,60424192,65536,sequential,1.0000,1,60489728,4096,1
121,121_baseline_sequential_run01,baseline,sequential,1773854664.655825,/big.txt,60489728,65536,sequential,1.0000,1,60555264,4096,1
121,121_baseline_sequential_run01,baseline,sequential,1773854664.65587,/big.txt,60555264,65536,sequential,1.0000,1,60620800,4096,1
121,121_baseline_sequential_run01,baseline,sequential,1773854664.655912,/big.txt,60620800,65536,sequential,1.0000,1,60686336,4096,1
121,121_baseline_sequential_run01,baseline,sequential,1773854664.655958,/big.txt,60686336,65536,sequential,1.0000,1,60751872,4096,1
121,121_baseline_sequential_run01,baseline,sequential,1773854664.656001,/big.txt,60751872,65536,sequential,1.0000,1,60817408,4096,1
121,121_baseline_sequential_run01,baseline,sequential,1773854664.6560462,/big.txt,60817408,65536,sequential,1.0000,1,60882944,4096,1
121,121_baseline_sequential_run01,baseline,sequential,1773854664.656089,/big.txt,60882944,65536,sequential,1.0000,1,60948480,4096,1
121,121_baseline_sequential_run01,baseline,sequential,1773854664.656131,/big.txt,60948480,65536,sequential,1.0000,1,61014016,4096,1
121,121_baseline_sequential_run01,baseline,sequential,1773854664.656173,/big.txt,61014016,65536,sequential,1.0000,1,61079552,4096,1
121,121_baseline_sequential_run01,baseline,sequential,1773854664.6562161,/big.txt,61079552,65536,sequential,1.0000,1,61145088,4096,1
121,121_baseline_sequential_run01,baseline,sequential,1773854664.656258,/big.txt,61145088,65536,sequential,1.0000,1,61210624,4096,1
121,121_baseline_sequential_run01,baseline,sequential,1773854664.656301,/big.txt,61210624,65536,sequential,1.0000,1,61276160,4096,1
121,121_baseline_sequential_run01,baseline,sequential,1773854664.6563442,/big.txt,61276160,65536,sequential,1.0000,1,61341696,4096,1
121,121_baseline_sequential_run01,baseline,sequential,1773854664.6563861,/big.txt,61341696,65536,sequential,1.0000,1,61407232,4096,1
121,121_baseline_sequential_run01,baseline,sequential,1773854664.656435,/big.txt,61407232,65536,sequential,1.0000,1,61472768,4096,1
121,121_baseline_sequential_run01,baseline,sequential,1773854664.656479,/big.txt,61472768,65536,sequential,1.0000,1,61538304,4096,1
121,121_baseline_sequential_run01,baseline,sequential,1773854664.656522,/big.txt,61538304,65536,sequential,1.0000,1,61603840,4096,1
121,121_baseline_sequential_run01,baseline,sequential,1773854664.656564,/big.txt,61603840,65536,sequential,1.0000,1,61669376,4096,1
121,121_baseline_sequential_run01,baseline,sequential,1773854664.656608,/big.txt,61669376,65536,sequential,1.0000,1,61734912,4096,1
121,121_baseline_sequential_run01,baseline,sequential,1773854664.65665,/big.txt,61734912,65536,sequential,1.0000,1,61800448,4096,1
121,121_baseline_sequential_run01,baseline,sequential,1773854664.656693,/big.txt,61800448,65536,sequential,1.0000,1,61865984,4096,1
121,121_baseline_sequential_run01,baseline,sequential,1773854664.656736,/big.txt,61865984,65536,sequential,1.0000,1,61931520,4096,1
121,121_baseline_sequential_run01,baseline,sequential,1773854664.656779,/big.txt,61931520,65536,sequential,1.0000,1,61997056,4096,1
121,121_baseline_sequential_run01,baseline,sequential,1773854664.6568232,/big.txt,61997056,65536,sequential,1.0000,1,62062592,4096,1
121,121_baseline_sequential_run01,baseline,sequential,1773854664.656866,/big.txt,62062592,65536,sequential,1.0000,1,62128128,4096,1
121,121_baseline_sequential_run01,baseline,sequential,1773854664.656909,/big.txt,62128128,65536,sequential,1.0000,1,62193664,4096,1
121,121_baseline_sequential_run01,baseline,sequential,1773854664.6569521,/big.txt,62193664,65536,sequential,1.0000,1,62259200,4096,1
121,121_baseline_sequential_run01,baseline,sequential,1773854664.656995,/big.txt,62259200,65536,sequential,1.0000,1,62324736,4096,1
121,121_baseline_sequential_run01,baseline,sequential,1773854664.657038,/big.txt,62324736,65536,sequential,1.0000,1,62390272,4096,1
121,121_baseline_sequential_run01,baseline,sequential,1773854664.6570811,/big.txt,62390272,65536,sequential,1.0000,1,62455808,4096,1
121,121_baseline_sequential_run01,baseline,sequential,1773854664.657124,/big.txt,62455808,65536,sequential,1.0000,1,62521344,4096,1
121,121_baseline_sequential_run01,baseline,sequential,1773854664.657171,/big.txt,62521344,65536,sequential,1.0000,1,62586880,4096,1
121,121_baseline_sequential_run01,baseline,sequential,1773854664.6572149,/big.txt,62586880,65536,sequential,1.0000,1,62652416,4096,1
121,121_baseline_sequential_run01,baseline,sequential,1773854664.6572568,/big.txt,62652416,65536,sequential,1.0000,1,62717952,4096,1
121,121_baseline_sequential_run01,baseline,sequential,1773854664.6573,/big.txt,62717952,65536,sequential,1.0000,1,62783488,4096,1
121,121_baseline_sequential_run01,baseline,sequential,1773854664.657343,/big.txt,62783488,65536,sequential,1.0000,1,62849024,4096,1
121,121_baseline_sequential_run01,baseline,sequential,1773854664.6573849,/big.txt,62849024,65536,sequential,1.0000,1,62914560,4096,1
121,121_baseline_sequential_run01,baseline,sequential,1773854664.657429,/big.txt,62914560,65536,sequential,1.0000,1,62980096,4096,1
121,121_baseline_sequential_run01,baseline,sequential,1773854664.657473,/big.txt,62980096,65536,sequential,1.0000,1,63045632,4096,1
121,121_baseline_sequential_run01,baseline,sequential,1773854664.657517,/big.txt,63045632,65536,sequential,1.0000,1,63111168,4096,1
121,121_baseline_sequential_run01,baseline,sequential,1773854664.65756,/big.txt,63111168,65536,sequential,1.0000,1,63176704,4096,1
121,121_baseline_sequential_run01,baseline,sequential,1773854664.657603,/big.txt,63176704,65536,sequential,1.0000,1,63242240,4096,1
121,121_baseline_sequential_run01,baseline,sequential,1773854664.6576462,/big.txt,63242240,65536,sequential,1.0000,1,63307776,4096,1
121,121_baseline_sequential_run01,baseline,sequential,1773854664.6576881,/big.txt,63307776,65536,sequential,1.0000,1,63373312,4096,1
121,121_baseline_sequential_run01,baseline,sequential,1773854664.657732,/big.txt,63373312,65536,sequential,1.0000,1,63438848,4096,1
121,121_baseline_sequential_run01,baseline,sequential,1773854664.65812,/big.txt,63438848,65536,sequential,1.0000,1,63504384,4096,1
121,121_baseline_sequential_run01,baseline,sequential,1773854664.658165,/big.txt,63504384,65536,sequential,1.0000,1,63569920,4096,1
121,121_baseline_sequential_run01,baseline,sequential,1773854664.658209,/big.txt,63569920,65536,sequential,1.0000,1,63635456,4096,1
121,121_baseline_sequential_run01,baseline,sequential,1773854664.658255,/big.txt,63635456,65536,sequential,1.0000,1,63700992,4096,1
121,121_baseline_sequential_run01,baseline,sequential,1773854664.6583092,/big.txt,63700992,65536,sequential,1.0000,1,63766528,4096,1
121,121_baseline_sequential_run01,baseline,sequential,1773854664.658367,/big.txt,63766528,65536,sequential,1.0000,1,63832064,4096,1
121,121_baseline_sequential_run01,baseline,sequential,1773854664.6584141,/big.txt,63832064,65536,sequential,1.0000,1,63897600,4096,1
121,121_baseline_sequential_run01,baseline,sequential,1773854664.658458,/big.txt,63897600,65536,sequential,1.0000,1,63963136,4096,1
121,121_baseline_sequential_run01,baseline,sequential,1773854664.658504,/big.txt,63963136,65536,sequential,1.0000,1,64028672,4096,1
121,121_baseline_sequential_run01,baseline,sequential,1773854664.658549,/big.txt,64028672,65536,sequential,1.0000,1,64094208,4096,1
121,121_baseline_sequential_run01,baseline,sequential,1773854664.658592,/big.txt,64094208,65536,sequential,1.0000,1,64159744,4096,1
121,121_baseline_sequential_run01,baseline,sequential,1773854664.658648,/big.txt,64159744,65536,sequential,1.0000,1,64225280,4096,1
121,121_baseline_sequential_run01,baseline,sequential,1773854664.658699,/big.txt,64225280,65536,sequential,1.0000,1,64290816,4096,1
121,121_baseline_sequential_run01,baseline,sequential,1773854664.658748,/big.txt,64290816,65536,sequential,1.0000,1,64356352,4096,1
121,121_baseline_sequential_run01,baseline,sequential,1773854664.658792,/big.txt,64356352,65536,sequential,1.0000,1,64421888,4096,1
121,121_baseline_sequential_run01,baseline,sequential,1773854664.6588411,/big.txt,64421888,65536,sequential,1.0000,1,64487424,4096,1
121,121_baseline_sequential_run01,baseline,sequential,1773854664.6588879,/big.txt,64487424,65536,sequential,1.0000,1,64552960,4096,1
121,121_baseline_sequential_run01,baseline,sequential,1773854664.658931,/big.txt,64552960,65536,sequential,1.0000,1,64618496,4096,1
121,121_baseline_sequential_run01,baseline,sequential,1773854664.658983,/big.txt,64618496,65536,sequential,1.0000,1,64684032,4096,1
121,121_baseline_sequential_run01,baseline,sequential,1773854664.659029,/big.txt,64684032,65536,sequential,1.0000,1,64749568,4096,1
121,121_baseline_sequential_run01,baseline,sequential,1773854664.659073,/big.txt,64749568,65536,sequential,1.0000,1,64815104,4096,1
121,121_baseline_sequential_run01,baseline,sequential,1773854664.6591208,/big.txt,64815104,65536,sequential,1.0000,1,64880640,4096,1
121,121_baseline_sequential_run01,baseline,sequential,1773854664.6591659,/big.txt,64880640,65536,sequential,1.0000,1,64946176,4096,1
121,121_baseline_sequential_run01,baseline,sequential,1773854664.659209,/big.txt,64946176,65536,sequential,1.0000,1,65011712,4096,1
121,121_baseline_sequential_run01,baseline,sequential,1773854664.6592598,/big.txt,65011712,65536,sequential,1.0000,1,65077248,4096,1
121,121_baseline_sequential_run01,baseline,sequential,1773854664.659306,/big.txt,65077248,65536,sequential,1.0000,1,65142784,4096,1
121,121_baseline_sequential_run01,baseline,sequential,1773854664.659352,/big.txt,65142784,65536,sequential,1.0000,1,65208320,4096,1
121,121_baseline_sequential_run01,baseline,sequential,1773854664.6593971,/big.txt,65208320,65536,sequential,1.0000,1,65273856,4096,1
121,121_baseline_sequential_run01,baseline,sequential,1773854664.6594508,/big.txt,65273856,65536,sequential,1.0000,1,65339392,4096,1
121,121_baseline_sequential_run01,baseline,sequential,1773854664.659498,/big.txt,65339392,65536,sequential,1.0000,1,65404928,4096,1
121,121_baseline_sequential_run01,baseline,sequential,1773854664.659542,/big.txt,65404928,65536,sequential,1.0000,1,65470464,4096,1
121,121_baseline_sequential_run01,baseline,sequential,1773854664.659586,/big.txt,65470464,65536,sequential,1.0000,1,65536000,4096,1
121,121_baseline_sequential_run01,baseline,sequential,1773854664.65963,/big.txt,65536000,65536,sequential,1.0000,1,65601536,4096,1
121,121_baseline_sequential_run01,baseline,sequential,1773854664.659675,/big.txt,65601536,65536,sequential,1.0000,1,65667072,4096,1
121,121_baseline_sequential_run01,baseline,sequential,1773854664.65972,/big.txt,65667072,65536,sequential,1.0000,1,65732608,4096,1
121,121_baseline_sequential_run01,baseline,sequential,1773854664.659765,/big.txt,65732608,65536,sequential,1.0000,1,65798144,4096,1
121,121_baseline_sequential_run01,baseline,sequential,1773854664.659809,/big.txt,65798144,65536,sequential,1.0000,1,65863680,4096,1
121,121_baseline_sequential_run01,baseline,sequential,1773854664.659853,/big.txt,65863680,65536,sequential,1.0000,1,65929216,4096,1
121,121_baseline_sequential_run01,baseline,sequential,1773854664.659897,/big.txt,65929216,65536,sequential,1.0000,1,65994752,4096,1
121,121_baseline_sequential_run01,baseline,sequential,1773854664.659942,/big.txt,65994752,65536,sequential,1.0000,1,66060288,4096,1
121,121_baseline_sequential_run01,baseline,sequential,1773854664.659986,/big.txt,66060288,65536,sequential,1.0000,1,66125824,4096,1
121,121_baseline_sequential_run01,baseline,sequential,1773854664.66003,/big.txt,66125824,65536,sequential,1.0000,1,66191360,4096,1
121,121_baseline_sequential_run01,baseline,sequential,1773854664.660075,/big.txt,66191360,65536,sequential,1.0000,1,66256896,4096,1
121,121_baseline_sequential_run01,baseline,sequential,1773854664.660119,/big.txt,66256896,65536,sequential,1.0000,1,66322432,4096,1
121,121_baseline_sequential_run01,baseline,sequential,1773854664.660164,/big.txt,66322432,65536,sequential,1.0000,1,66387968,4096,1
121,121_baseline_sequential_run01,baseline,sequential,1773854664.660209,/big.txt,66387968,65536,sequential,1.0000,1,66453504,4096,1
121,121_baseline_sequential_run01,baseline,sequential,1773854664.6602528,/big.txt,66453504,65536,sequential,1.0000,1,66519040,4096,1
121,121_baseline_sequential_run01,baseline,sequential,1773854664.660297,/big.txt,66519040,65536,sequential,1.0000,1,66584576,4096,1
121,121_baseline_sequential_run01,baseline,sequential,1773854664.660342,/big.txt,66584576,65536,sequential,1.0000,1,66650112,4096,1
121,121_baseline_sequential_run01,baseline,sequential,1773854664.6603909,/big.txt,66650112,65536,sequential,1.0000,1,66715648,4096,1
121,121_baseline_sequential_run01,baseline,sequential,1773854664.660437,/big.txt,66715648,65536,sequential,1.0000,1,66781184,4096,1
121,121_baseline_sequential_run01,baseline,sequential,1773854664.660482,/big.txt,66781184,65536,sequential,1.0000,1,66846720,4096,1
121,121_baseline_sequential_run01,baseline,sequential,1773854664.660526,/big.txt,66846720,65536,sequential,1.0000,1,66912256,4096,1
121,121_baseline_sequential_run01,baseline,sequential,1773854664.6605701,/big.txt,66912256,65536,sequential,1.0000,1,66977792,4096,1
121,121_baseline_sequential_run01,baseline,sequential,1773854664.660615,/big.txt,66977792,65536,sequential,1.0000,1,67043328,4096,1
121,121_baseline_sequential_run01,baseline,sequential,1773854664.6606588,/big.txt,67043328,65536,sequential,1.0000,1,67108864,4096,1
121,121_baseline_sequential_run01,baseline,sequential,1773854664.660703,/big.txt,67108864,65536,sequential,1.0000,1,67174400,4096,1
121,121_baseline_sequential_run01,baseline,sequential,1773854664.660747,/big.txt,67174400,65536,sequential,1.0000,1,67239936,4096,1
121,121_baseline_sequential_run01,baseline,sequential,1773854664.660792,/big.txt,67239936,65536,sequential,1.0000,1,67305472,4096,1
121,121_baseline_sequential_run01,baseline,sequential,1773854664.660838,/big.txt,67305472,65536,sequential,1.0000,1,67371008,4096,1
121,121_baseline_sequential_run01,baseline,sequential,1773854664.660883,/big.txt,67371008,65536,sequential,1.0000,1,67436544,4096,1
121,121_baseline_sequential_run01,baseline,sequential,1773854664.660928,/big.txt,67436544,65536,sequential,1.0000,1,67502080,4096,1
121,121_baseline_sequential_run01,baseline,sequential,1773854664.660973,/big.txt,67502080,65536,sequential,1.0000,1,67567616,4096,1
121,121_baseline_sequential_run01,baseline,sequential,1773854664.6610181,/big.txt,67567616,65536,sequential,1.0000,1,67633152,4096,1
121,121_baseline_sequential_run01,baseline,sequential,1773854664.661062,/big.txt,67633152,65536,sequential,1.0000,1,67698688,4096,1
121,121_baseline_sequential_run01,baseline,sequential,1773854664.661406,/big.txt,67698688,65536,sequential,1.0000,1,67764224,4096,1
121,121_baseline_sequential_run01,baseline,sequential,1773854664.6614552,/big.txt,67764224,65536,sequential,1.0000,1,67829760,4096,1
121,121_baseline_sequential_run01,baseline,sequential,1773854664.663646,/big.txt,67829760,65536,sequential,1.0000,1,67895296,4096,1
121,121_baseline_sequential_run01,baseline,sequential,1773854664.663693,/big.txt,67895296,65536,sequential,1.0000,1,67960832,4096,1
121,121_baseline_sequential_run01,baseline,sequential,1773854664.663739,/big.txt,67960832,65536,sequential,1.0000,1,68026368,4096,1
121,121_baseline_sequential_run01,baseline,sequential,1773854664.6637828,/big.txt,68026368,65536,sequential,1.0000,1,68091904,4096,1
121,121_baseline_sequential_run01,baseline,sequential,1773854664.663827,/big.txt,68091904,65536,sequential,1.0000,1,68157440,4096,1
121,121_baseline_sequential_run01,baseline,sequential,1773854664.6638699,/big.txt,68157440,65536,sequential,1.0000,1,68222976,4096,1
121,121_baseline_sequential_run01,baseline,sequential,1773854664.663914,/big.txt,68222976,65536,sequential,1.0000,1,68288512,4096,1
121,121_baseline_sequential_run01,baseline,sequential,1773854664.663958,/big.txt,68288512,65536,sequential,1.0000,1,68354048,4096,1
121,121_baseline_sequential_run01,baseline,sequential,1773854664.664001,/big.txt,68354048,65536,sequential,1.0000,1,68419584,4096,1
121,121_baseline_sequential_run01,baseline,sequential,1773854664.6640441,/big.txt,68419584,65536,sequential,1.0000,1,68485120,4096,1
121,121_baseline_sequential_run01,baseline,sequential,1773854664.664088,/big.txt,68485120,65536,sequential,1.0000,1,68550656,4096,1
121,121_baseline_sequential_run01,baseline,sequential,1773854664.664133,/big.txt,68550656,65536,sequential,1.0000,1,68616192,4096,1
121,121_baseline_sequential_run01,baseline,sequential,1773854664.664177,/big.txt,68616192,65536,sequential,1.0000,1,68681728,4096,1
121,121_baseline_sequential_run01,baseline,sequential,1773854664.6642199,/big.txt,68681728,65536,sequential,1.0000,1,68747264,4096,1
121,121_baseline_sequential_run01,baseline,sequential,1773854664.664264,/big.txt,68747264,65536,sequential,1.0000,1,68812800,4096,1
121,121_baseline_sequential_run01,baseline,sequential,1773854664.6643121,/big.txt,68812800,65536,sequential,1.0000,1,68878336,4096,1
121,121_baseline_sequential_run01,baseline,sequential,1773854664.664356,/big.txt,68878336,65536,sequential,1.0000,1,68943872,4096,1
121,121_baseline_sequential_run01,baseline,sequential,1773854664.6644008,/big.txt,68943872,65536,sequential,1.0000,1,69009408,4096,1
121,121_baseline_sequential_run01,baseline,sequential,1773854664.664444,/big.txt,69009408,65536,sequential,1.0000,1,69074944,4096,1
121,121_baseline_sequential_run01,baseline,sequential,1773854664.6644878,/big.txt,69074944,65536,sequential,1.0000,1,69140480,4096,1
121,121_baseline_sequential_run01,baseline,sequential,1773854664.66453,/big.txt,69140480,65536,sequential,1.0000,1,69206016,4096,1
121,121_baseline_sequential_run01,baseline,sequential,1773854664.664573,/big.txt,69206016,65536,sequential,1.0000,1,69271552,4096,1
121,121_baseline_sequential_run01,baseline,sequential,1773854664.6646159,/big.txt,69271552,65536,sequential,1.0000,1,69337088,4096,1
121,121_baseline_sequential_run01,baseline,sequential,1773854664.66466,/big.txt,69337088,65536,sequential,1.0000,1,69402624,4096,1
121,121_baseline_sequential_run01,baseline,sequential,1773854664.664703,/big.txt,69402624,65536,sequential,1.0000,1,69468160,4096,1
121,121_baseline_sequential_run01,baseline,sequential,1773854664.664748,/big.txt,69468160,65536,sequential,1.0000,1,69533696,4096,1
121,121_baseline_sequential_run01,baseline,sequential,1773854664.664793,/big.txt,69533696,65536,sequential,1.0000,1,69599232,4096,1
121,121_baseline_sequential_run01,baseline,sequential,1773854664.6648371,/big.txt,69599232,65536,sequential,1.0000,1,69664768,4096,1
121,121_baseline_sequential_run01,baseline,sequential,1773854664.664882,/big.txt,69664768,65536,sequential,1.0000,1,69730304,4096,1
121,121_baseline_sequential_run01,baseline,sequential,1773854664.664927,/big.txt,69730304,65536,sequential,1.0000,1,69795840,4096,1
121,121_baseline_sequential_run01,baseline,sequential,1773854664.664969,/big.txt,69795840,65536,sequential,1.0000,1,69861376,4096,1
121,121_baseline_sequential_run01,baseline,sequential,1773854664.665013,/big.txt,69861376,65536,sequential,1.0000,1,69926912,4096,1
121,121_baseline_sequential_run01,baseline,sequential,1773854664.665056,/big.txt,69926912,65536,sequential,1.0000,1,69992448,4096,1
121,121_baseline_sequential_run01,baseline,sequential,1773854664.665098,/big.txt,69992448,65536,sequential,1.0000,1,70057984,4096,1
121,121_baseline_sequential_run01,baseline,sequential,1773854664.665141,/big.txt,70057984,65536,sequential,1.0000,1,70123520,4096,1
121,121_baseline_sequential_run01,baseline,sequential,1773854664.665185,/big.txt,70123520,65536,sequential,1.0000,1,70189056,4096,1
121,121_baseline_sequential_run01,baseline,sequential,1773854664.665229,/big.txt,70189056,65536,sequential,1.0000,1,70254592,4096,1
121,121_baseline_sequential_run01,baseline,sequential,1773854664.6652732,/big.txt,70254592,65536,sequential,1.0000,1,70320128,4096,1
121,121_baseline_sequential_run01,baseline,sequential,1773854664.665317,/big.txt,70320128,65536,sequential,1.0000,1,70385664,4096,1
121,121_baseline_sequential_run01,baseline,sequential,1773854664.665361,/big.txt,70385664,65536,sequential,1.0000,1,70451200,4096,1
121,121_baseline_sequential_run01,baseline,sequential,1773854664.665405,/big.txt,70451200,65536,sequential,1.0000,1,70516736,4096,1
121,121_baseline_sequential_run01,baseline,sequential,1773854664.665449,/big.txt,70516736,65536,sequential,1.0000,1,70582272,4096,1
121,121_baseline_sequential_run01,baseline,sequential,1773854664.6654952,/big.txt,70582272,65536,sequential,1.0000,1,70647808,4096,1
121,121_baseline_sequential_run01,baseline,sequential,1773854664.665539,/big.txt,70647808,65536,sequential,1.0000,1,70713344,4096,1
121,121_baseline_sequential_run01,baseline,sequential,1773854664.665588,/big.txt,70713344,65536,sequential,1.0000,1,70778880,4096,1
121,121_baseline_sequential_run01,baseline,sequential,1773854664.665632,/big.txt,70778880,65536,sequential,1.0000,1,70844416,4096,1
121,121_baseline_sequential_run01,baseline,sequential,1773854664.666356,/big.txt,70844416,65536,sequential,1.0000,1,70909952,4096,1
121,121_baseline_sequential_run01,baseline,sequential,1773854664.666411,/big.txt,70909952,65536,sequential,1.0000,1,70975488,4096,1
121,121_baseline_sequential_run01,baseline,sequential,1773854664.666456,/big.txt,70975488,65536,sequential,1.0000,1,71041024,4096,1
121,121_baseline_sequential_run01,baseline,sequential,1773854664.666501,/big.txt,71041024,65536,sequential,1.0000,1,71106560,4096,1
121,121_baseline_sequential_run01,baseline,sequential,1773854664.666545,/big.txt,71106560,65536,sequential,1.0000,1,71172096,4096,1
121,121_baseline_sequential_run01,baseline,sequential,1773854664.666589,/big.txt,71172096,65536,sequential,1.0000,1,71237632,4096,1
121,121_baseline_sequential_run01,baseline,sequential,1773854664.666634,/big.txt,71237632,65536,sequential,1.0000,1,71303168,4096,1
121,121_baseline_sequential_run01,baseline,sequential,1773854664.666678,/big.txt,71303168,65536,sequential,1.0000,1,71368704,4096,1
121,121_baseline_sequential_run01,baseline,sequential,1773854664.6667242,/big.txt,71368704,65536,sequential,1.0000,1,71434240,4096,1
121,121_baseline_sequential_run01,baseline,sequential,1773854664.6667678,/big.txt,71434240,65536,sequential,1.0000,1,71499776,4096,1
121,121_baseline_sequential_run01,baseline,sequential,1773854664.666813,/big.txt,71499776,65536,sequential,1.0000,1,71565312,4096,1
121,121_baseline_sequential_run01,baseline,sequential,1773854664.666858,/big.txt,71565312,65536,sequential,1.0000,1,71630848,4096,1
121,121_baseline_sequential_run01,baseline,sequential,1773854664.666903,/big.txt,71630848,65536,sequential,1.0000,1,71696384,4096,1
121,121_baseline_sequential_run01,baseline,sequential,1773854664.666948,/big.txt,71696384,65536,sequential,1.0000,1,71761920,4096,1
121,121_baseline_sequential_run01,baseline,sequential,1773854664.6669922,/big.txt,71761920,65536,sequential,1.0000,1,71827456,4096,1
121,121_baseline_sequential_run01,baseline,sequential,1773854664.6670358,/big.txt,71827456,65536,sequential,1.0000,1,71892992,4096,1
121,121_baseline_sequential_run01,baseline,sequential,1773854664.66708,/big.txt,71892992,65536,sequential,1.0000,1,71958528,4096,1
121,121_baseline_sequential_run01,baseline,sequential,1773854664.667131,/big.txt,71958528,65536,sequential,1.0000,1,72024064,4096,1
121,121_baseline_sequential_run01,baseline,sequential,1773854664.667186,/big.txt,72024064,65536,sequential,1.0000,1,72089600,4096,1
121,121_baseline_sequential_run01,baseline,sequential,1773854664.667232,/big.txt,72089600,65536,sequential,1.0000,1,72155136,4096,1
121,121_baseline_sequential_run01,baseline,sequential,1773854664.667278,/big.txt,72155136,65536,sequential,1.0000,1,72220672,4096,1
121,121_baseline_sequential_run01,baseline,sequential,1773854664.667326,/big.txt,72220672,65536,sequential,1.0000,1,72286208,4096,1
121,121_baseline_sequential_run01,baseline,sequential,1773854664.667371,/big.txt,72286208,65536,sequential,1.0000,1,72351744,4096,1
121,121_baseline_sequential_run01,baseline,sequential,1773854664.6674151,/big.txt,72351744,65536,sequential,1.0000,1,72417280,4096,1
121,121_baseline_sequential_run01,baseline,sequential,1773854664.667459,/big.txt,72417280,65536,sequential,1.0000,1,72482816,4096,1
121,121_baseline_sequential_run01,baseline,sequential,1773854664.6675048,/big.txt,72482816,65536,sequential,1.0000,1,72548352,4096,1
121,121_baseline_sequential_run01,baseline,sequential,1773854664.667557,/big.txt,72548352,65536,sequential,1.0000,1,72613888,4096,1
121,121_baseline_sequential_run01,baseline,sequential,1773854664.667607,/big.txt,72613888,65536,sequential,1.0000,1,72679424,4096,1
121,121_baseline_sequential_run01,baseline,sequential,1773854664.667653,/big.txt,72679424,65536,sequential,1.0000,1,72744960,4096,1
121,121_baseline_sequential_run01,baseline,sequential,1773854664.667706,/big.txt,72744960,65536,sequential,1.0000,1,72810496,4096,1
121,121_baseline_sequential_run01,baseline,sequential,1773854664.667752,/big.txt,72810496,65536,sequential,1.0000,1,72876032,4096,1
121,121_baseline_sequential_run01,baseline,sequential,1773854664.6678028,/big.txt,72876032,65536,sequential,1.0000,1,72941568,4096,1
121,121_baseline_sequential_run01,baseline,sequential,1773854664.667847,/big.txt,72941568,65536,sequential,1.0000,1,73007104,4096,1
121,121_baseline_sequential_run01,baseline,sequential,1773854664.667892,/big.txt,73007104,65536,sequential,1.0000,1,73072640,4096,1
121,121_baseline_sequential_run01,baseline,sequential,1773854664.667936,/big.txt,73072640,65536,sequential,1.0000,1,73138176,4096,1
121,121_baseline_sequential_run01,baseline,sequential,1773854664.667979,/big.txt,73138176,65536,sequential,1.0000,1,73203712,4096,1
121,121_baseline_sequential_run01,baseline,sequential,1773854664.668024,/big.txt,73203712,65536,sequential,1.0000,1,73269248,4096,1
121,121_baseline_sequential_run01,baseline,sequential,1773854664.6680682,/big.txt,73269248,65536,sequential,1.0000,1,73334784,4096,1
121,121_baseline_sequential_run01,baseline,sequential,1773854664.668113,/big.txt,73334784,65536,sequential,1.0000,1,73400320,4096,1
121,121_baseline_sequential_run01,baseline,sequential,1773854664.668158,/big.txt,73400320,65536,sequential,1.0000,1,73465856,4096,1
121,121_baseline_sequential_run01,baseline,sequential,1773854664.668202,/big.txt,73465856,65536,sequential,1.0000,1,73531392,4096,1
121,121_baseline_sequential_run01,baseline,sequential,1773854664.668247,/big.txt,73531392,65536,sequential,1.0000,1,73596928,4096,1
121,121_baseline_sequential_run01,baseline,sequential,1773854664.668291,/big.txt,73596928,65536,sequential,1.0000,1,73662464,4096,1
121,121_baseline_sequential_run01,baseline,sequential,1773854664.6683362,/big.txt,73662464,65536,sequential,1.0000,1,73728000,4096,1
121,121_baseline_sequential_run01,baseline,sequential,1773854664.668381,/big.txt,73728000,65536,sequential,1.0000,1,73793536,4096,1
121,121_baseline_sequential_run01,baseline,sequential,1773854664.66843,/big.txt,73793536,65536,sequential,1.0000,1,73859072,4096,1
121,121_baseline_sequential_run01,baseline,sequential,1773854664.6684759,/big.txt,73859072,65536,sequential,1.0000,1,73924608,4096,1
121,121_baseline_sequential_run01,baseline,sequential,1773854664.668522,/big.txt,73924608,65536,sequential,1.0000,1,73990144,4096,1
121,121_baseline_sequential_run01,baseline,sequential,1773854664.668567,/big.txt,73990144,65536,sequential,1.0000,1,74055680,4096,1
121,121_baseline_sequential_run01,baseline,sequential,1773854664.668612,/big.txt,74055680,65536,sequential,1.0000,1,74121216,4096,1
121,121_baseline_sequential_run01,baseline,sequential,1773854664.6686568,/big.txt,74121216,65536,sequential,1.0000,1,74186752,4096,1
121,121_baseline_sequential_run01,baseline,sequential,1773854664.668701,/big.txt,74186752,65536,sequential,1.0000,1,74252288,4096,1
121,121_baseline_sequential_run01,baseline,sequential,1773854664.668745,/big.txt,74252288,65536,sequential,1.0000,1,74317824,4096,1
121,121_baseline_sequential_run01,baseline,sequential,1773854664.6687932,/big.txt,74317824,65536,sequential,1.0000,1,74383360,4096,1
121,121_baseline_sequential_run01,baseline,sequential,1773854664.668839,/big.txt,74383360,65536,sequential,1.0000,1,74448896,4096,1
121,121_baseline_sequential_run01,baseline,sequential,1773854664.668888,/big.txt,74448896,65536,sequential,1.0000,1,74514432,4096,1
121,121_baseline_sequential_run01,baseline,sequential,1773854664.6689322,/big.txt,74514432,65536,sequential,1.0000,1,74579968,4096,1
121,121_baseline_sequential_run01,baseline,sequential,1773854664.6689768,/big.txt,74579968,65536,sequential,1.0000,1,74645504,4096,1
121,121_baseline_sequential_run01,baseline,sequential,1773854664.669021,/big.txt,74645504,65536,sequential,1.0000,1,74711040,4096,1
121,121_baseline_sequential_run01,baseline,sequential,1773854664.669065,/big.txt,74711040,65536,sequential,1.0000,1,74776576,4096,1
121,121_baseline_sequential_run01,baseline,sequential,1773854664.669109,/big.txt,74776576,65536,sequential,1.0000,1,74842112,4096,1
121,121_baseline_sequential_run01,baseline,sequential,1773854664.6691551,/big.txt,74842112,65536,sequential,1.0000,1,74907648,4096,1
121,121_baseline_sequential_run01,baseline,sequential,1773854664.669199,/big.txt,74907648,65536,sequential,1.0000,1,74973184,4096,1
121,121_baseline_sequential_run01,baseline,sequential,1773854664.6692438,/big.txt,74973184,65536,sequential,1.0000,1,75038720,4096,1
121,121_baseline_sequential_run01,baseline,sequential,1773854664.669395,/big.txt,75038720,65536,sequential,1.0000,1,75104256,4096,1
121,121_baseline_sequential_run01,baseline,sequential,1773854664.669441,/big.txt,75104256,65536,sequential,1.0000,1,75169792,4096,1
121,121_baseline_sequential_run01,baseline,sequential,1773854664.669492,/big.txt,75169792,65536,sequential,1.0000,1,75235328,4096,1
121,121_baseline_sequential_run01,baseline,sequential,1773854664.669537,/big.txt,75235328,65536,sequential,1.0000,1,75300864,4096,1
121,121_baseline_sequential_run01,baseline,sequential,1773854664.669586,/big.txt,75300864,65536,sequential,1.0000,1,75366400,4096,1
121,121_baseline_sequential_run01,baseline,sequential,1773854664.669631,/big.txt,75366400,65536,sequential,1.0000,1,75431936,4096,1
121,121_baseline_sequential_run01,baseline,sequential,1773854664.669677,/big.txt,75431936,65536,sequential,1.0000,1,75497472,4096,1
121,121_baseline_sequential_run01,baseline,sequential,1773854664.669726,/big.txt,75497472,65536,sequential,1.0000,1,75563008,4096,1
121,121_baseline_sequential_run01,baseline,sequential,1773854664.66977,/big.txt,75563008,65536,sequential,1.0000,1,75628544,4096,1
121,121_baseline_sequential_run01,baseline,sequential,1773854664.669814,/big.txt,75628544,65536,sequential,1.0000,1,75694080,4096,1
121,121_baseline_sequential_run01,baseline,sequential,1773854664.669858,/big.txt,75694080,65536,sequential,1.0000,1,75759616,4096,1
121,121_baseline_sequential_run01,baseline,sequential,1773854664.669902,/big.txt,75759616,65536,sequential,1.0000,1,75825152,4096,1
121,121_baseline_sequential_run01,baseline,sequential,1773854664.669947,/big.txt,75825152,65536,sequential,1.0000,1,75890688,4096,1
121,121_baseline_sequential_run01,baseline,sequential,1773854664.669991,/big.txt,75890688,65536,sequential,1.0000,1,75956224,4096,1
121,121_baseline_sequential_run01,baseline,sequential,1773854664.670035,/big.txt,75956224,65536,sequential,1.0000,1,76021760,4096,1
121,121_baseline_sequential_run01,baseline,sequential,1773854664.67008,/big.txt,76021760,65536,sequential,1.0000,1,76087296,4096,1
121,121_baseline_sequential_run01,baseline,sequential,1773854664.670124,/big.txt,76087296,65536,sequential,1.0000,1,76152832,4096,1
121,121_baseline_sequential_run01,baseline,sequential,1773854664.670173,/big.txt,76152832,65536,sequential,1.0000,1,76218368,4096,1
121,121_baseline_sequential_run01,baseline,sequential,1773854664.670217,/big.txt,76218368,65536,sequential,1.0000,1,76283904,4096,1
121,121_baseline_sequential_run01,baseline,sequential,1773854664.670261,/big.txt,76283904,65536,sequential,1.0000,1,76349440,4096,1
121,121_baseline_sequential_run01,baseline,sequential,1773854664.670306,/big.txt,76349440,65536,sequential,1.0000,1,76414976,4096,1
121,121_baseline_sequential_run01,baseline,sequential,1773854664.670351,/big.txt,76414976,65536,sequential,1.0000,1,76480512,4096,1
121,121_baseline_sequential_run01,baseline,sequential,1773854664.670408,/big.txt,76480512,65536,sequential,1.0000,1,76546048,4096,1
121,121_baseline_sequential_run01,baseline,sequential,1773854664.6704519,/big.txt,76546048,65536,sequential,1.0000,1,76611584,4096,1
121,121_baseline_sequential_run01,baseline,sequential,1773854664.670496,/big.txt,76611584,65536,sequential,1.0000,1,76677120,4096,1
121,121_baseline_sequential_run01,baseline,sequential,1773854664.670547,/big.txt,76677120,65536,sequential,1.0000,1,76742656,4096,1
121,121_baseline_sequential_run01,baseline,sequential,1773854664.670592,/big.txt,76742656,65536,sequential,1.0000,1,76808192,4096,1
121,121_baseline_sequential_run01,baseline,sequential,1773854664.670636,/big.txt,76808192,65536,sequential,1.0000,1,76873728,4096,1
121,121_baseline_sequential_run01,baseline,sequential,1773854664.670681,/big.txt,76873728,65536,sequential,1.0000,1,76939264,4096,1
121,121_baseline_sequential_run01,baseline,sequential,1773854664.670725,/big.txt,76939264,65536,sequential,1.0000,1,77004800,4096,1
121,121_baseline_sequential_run01,baseline,sequential,1773854664.670769,/big.txt,77004800,65536,sequential,1.0000,1,77070336,4096,1
121,121_baseline_sequential_run01,baseline,sequential,1773854664.670816,/big.txt,77070336,65536,sequential,1.0000,1,77135872,4096,1
121,121_baseline_sequential_run01,baseline,sequential,1773854664.67086,/big.txt,77135872,65536,sequential,1.0000,1,77201408,4096,1
121,121_baseline_sequential_run01,baseline,sequential,1773854664.670903,/big.txt,77201408,65536,sequential,1.0000,1,77266944,4096,1
121,121_baseline_sequential_run01,baseline,sequential,1773854664.670947,/big.txt,77266944,65536,sequential,1.0000,1,77332480,4096,1
121,121_baseline_sequential_run01,baseline,sequential,1773854664.670998,/big.txt,77332480,65536,sequential,1.0000,1,77398016,4096,1
121,121_baseline_sequential_run01,baseline,sequential,1773854664.6710432,/big.txt,77398016,65536,sequential,1.0000,1,77463552,4096,1
121,121_baseline_sequential_run01,baseline,sequential,1773854664.671094,/big.txt,77463552,65536,sequential,1.0000,1,77529088,4096,1
121,121_baseline_sequential_run01,baseline,sequential,1773854664.671139,/big.txt,77529088,65536,sequential,1.0000,1,77594624,4096,1
121,121_baseline_sequential_run01,baseline,sequential,1773854664.671186,/big.txt,77594624,65536,sequential,1.0000,1,77660160,4096,1
121,121_baseline_sequential_run01,baseline,sequential,1773854664.6712298,/big.txt,77660160,65536,sequential,1.0000,1,77725696,4096,1
121,121_baseline_sequential_run01,baseline,sequential,1773854664.671275,/big.txt,77725696,65536,sequential,1.0000,1,77791232,4096,1
121,121_baseline_sequential_run01,baseline,sequential,1773854664.67132,/big.txt,77791232,65536,sequential,1.0000,1,77856768,4096,1
121,121_baseline_sequential_run01,baseline,sequential,1773854664.671364,/big.txt,77856768,65536,sequential,1.0000,1,77922304,4096,1
121,121_baseline_sequential_run01,baseline,sequential,1773854664.6714082,/big.txt,77922304,65536,sequential,1.0000,1,77987840,4096,1
121,121_baseline_sequential_run01,baseline,sequential,1773854664.6714509,/big.txt,77987840,65536,sequential,1.0000,1,78053376,4096,1
121,121_baseline_sequential_run01,baseline,sequential,1773854664.671495,/big.txt,78053376,65536,sequential,1.0000,1,78118912,4096,1
121,121_baseline_sequential_run01,baseline,sequential,1773854664.6715388,/big.txt,78118912,65536,sequential,1.0000,1,78184448,4096,1
121,121_baseline_sequential_run01,baseline,sequential,1773854664.671582,/big.txt,78184448,65536,sequential,1.0000,1,78249984,4096,1
121,121_baseline_sequential_run01,baseline,sequential,1773854664.671626,/big.txt,78249984,65536,sequential,1.0000,1,78315520,4096,1
121,121_baseline_sequential_run01,baseline,sequential,1773854664.67167,/big.txt,78315520,65536,sequential,1.0000,1,78381056,4096,1
121,121_baseline_sequential_run01,baseline,sequential,1773854664.671714,/big.txt,78381056,65536,sequential,1.0000,1,78446592,4096,1
121,121_baseline_sequential_run01,baseline,sequential,1773854664.6717582,/big.txt,78446592,65536,sequential,1.0000,1,78512128,4096,1
121,121_baseline_sequential_run01,baseline,sequential,1773854664.671801,/big.txt,78512128,65536,sequential,1.0000,1,78577664,4096,1
121,121_baseline_sequential_run01,baseline,sequential,1773854664.6718452,/big.txt,78577664,65536,sequential,1.0000,1,78643200,4096,1
121,121_baseline_sequential_run01,baseline,sequential,1773854664.6718888,/big.txt,78643200,65536,sequential,1.0000,1,78708736,4096,1
121,121_baseline_sequential_run01,baseline,sequential,1773854664.671933,/big.txt,78708736,65536,sequential,1.0000,1,78774272,4096,1
121,121_baseline_sequential_run01,baseline,sequential,1773854664.671977,/big.txt,78774272,65536,sequential,1.0000,1,78839808,4096,1
121,121_baseline_sequential_run01,baseline,sequential,1773854664.672021,/big.txt,78839808,65536,sequential,1.0000,1,78905344,4096,1
121,121_baseline_sequential_run01,baseline,sequential,1773854664.672065,/big.txt,78905344,65536,sequential,1.0000,1,78970880,4096,1
121,121_baseline_sequential_run01,baseline,sequential,1773854664.6721091,/big.txt,78970880,65536,sequential,1.0000,1,79036416,4096,1
121,121_baseline_sequential_run01,baseline,sequential,1773854664.6721542,/big.txt,79036416,65536,sequential,1.0000,1,79101952,4096,1
121,121_baseline_sequential_run01,baseline,sequential,1773854664.6721978,/big.txt,79101952,65536,sequential,1.0000,1,79167488,4096,1
121,121_baseline_sequential_run01,baseline,sequential,1773854664.672242,/big.txt,79167488,65536,sequential,1.0000,1,79233024,4096,1
121,121_baseline_sequential_run01,baseline,sequential,1773854664.672286,/big.txt,79233024,65536,sequential,1.0000,1,79298560,4096,1
121,121_baseline_sequential_run01,baseline,sequential,1773854664.67233,/big.txt,79298560,65536,sequential,1.0000,1,79364096,4096,1
121,121_baseline_sequential_run01,baseline,sequential,1773854664.672374,/big.txt,79364096,65536,sequential,1.0000,1,79429632,4096,1
121,121_baseline_sequential_run01,baseline,sequential,1773854664.672418,/big.txt,79429632,65536,sequential,1.0000,1,79495168,4096,1
121,121_baseline_sequential_run01,baseline,sequential,1773854664.672462,/big.txt,79495168,65536,sequential,1.0000,1,79560704,4096,1
121,121_baseline_sequential_run01,baseline,sequential,1773854664.672506,/big.txt,79560704,65536,sequential,1.0000,1,79626240,4096,1
121,121_baseline_sequential_run01,baseline,sequential,1773854664.67255,/big.txt,79626240,65536,sequential,1.0000,1,79691776,4096,1
121,121_baseline_sequential_run01,baseline,sequential,1773854664.672595,/big.txt,79691776,65536,sequential,1.0000,1,79757312,4096,1
121,121_baseline_sequential_run01,baseline,sequential,1773854664.672639,/big.txt,79757312,65536,sequential,1.0000,1,79822848,4096,1
121,121_baseline_sequential_run01,baseline,sequential,1773854664.672683,/big.txt,79822848,65536,sequential,1.0000,1,79888384,4096,1
121,121_baseline_sequential_run01,baseline,sequential,1773854664.672726,/big.txt,79888384,65536,sequential,1.0000,1,79953920,4096,1
121,121_baseline_sequential_run01,baseline,sequential,1773854664.672771,/big.txt,79953920,65536,sequential,1.0000,1,80019456,4096,1
121,121_baseline_sequential_run01,baseline,sequential,1773854664.672816,/big.txt,80019456,65536,sequential,1.0000,1,80084992,4096,1
121,121_baseline_sequential_run01,baseline,sequential,1773854664.67286,/big.txt,80084992,65536,sequential,1.0000,1,80150528,4096,1
121,121_baseline_sequential_run01,baseline,sequential,1773854664.672905,/big.txt,80150528,65536,sequential,1.0000,1,80216064,4096,1
121,121_baseline_sequential_run01,baseline,sequential,1773854664.672948,/big.txt,80216064,65536,sequential,1.0000,1,80281600,4096,1
121,121_baseline_sequential_run01,baseline,sequential,1773854664.672991,/big.txt,80281600,65536,sequential,1.0000,1,80347136,4096,1
121,121_baseline_sequential_run01,baseline,sequential,1773854664.673455,/big.txt,80347136,65536,sequential,1.0000,1,80412672,4096,1
121,121_baseline_sequential_run01,baseline,sequential,1773854664.673507,/big.txt,80412672,65536,sequential,1.0000,1,80478208,4096,1
121,121_baseline_sequential_run01,baseline,sequential,1773854664.673555,/big.txt,80478208,65536,sequential,1.0000,1,80543744,4096,1
121,121_baseline_sequential_run01,baseline,sequential,1773854664.673604,/big.txt,80543744,65536,sequential,1.0000,1,80609280,4096,1
121,121_baseline_sequential_run01,baseline,sequential,1773854664.6736488,/big.txt,80609280,65536,sequential,1.0000,1,80674816,4096,1
121,121_baseline_sequential_run01,baseline,sequential,1773854664.673695,/big.txt,80674816,65536,sequential,1.0000,1,80740352,4096,1
121,121_baseline_sequential_run01,baseline,sequential,1773854664.673741,/big.txt,80740352,65536,sequential,1.0000,1,80805888,4096,1
121,121_baseline_sequential_run01,baseline,sequential,1773854664.673789,/big.txt,80805888,65536,sequential,1.0000,1,80871424,4096,1
121,121_baseline_sequential_run01,baseline,sequential,1773854664.6738439,/big.txt,80871424,65536,sequential,1.0000,1,80936960,4096,1
121,121_baseline_sequential_run01,baseline,sequential,1773854664.673888,/big.txt,80936960,65536,sequential,1.0000,1,81002496,4096,1
121,121_baseline_sequential_run01,baseline,sequential,1773854664.6739352,/big.txt,81002496,65536,sequential,1.0000,1,81068032,4096,1
121,121_baseline_sequential_run01,baseline,sequential,1773854664.6739829,/big.txt,81068032,65536,sequential,1.0000,1,81133568,4096,1
121,121_baseline_sequential_run01,baseline,sequential,1773854664.674041,/big.txt,81133568,65536,sequential,1.0000,1,81199104,4096,1
121,121_baseline_sequential_run01,baseline,sequential,1773854664.67409,/big.txt,81199104,65536,sequential,1.0000,1,81264640,4096,1
121,121_baseline_sequential_run01,baseline,sequential,1773854664.6741388,/big.txt,81264640,65536,sequential,1.0000,1,81330176,4096,1
121,121_baseline_sequential_run01,baseline,sequential,1773854664.674195,/big.txt,81330176,65536,sequential,1.0000,1,81395712,4096,1
121,121_baseline_sequential_run01,baseline,sequential,1773854664.6742458,/big.txt,81395712,65536,sequential,1.0000,1,81461248,4096,1
121,121_baseline_sequential_run01,baseline,sequential,1773854664.6742988,/big.txt,81461248,65536,sequential,1.0000,1,81526784,4096,1
121,121_baseline_sequential_run01,baseline,sequential,1773854664.67435,/big.txt,81526784,65536,sequential,1.0000,1,81592320,4096,1
121,121_baseline_sequential_run01,baseline,sequential,1773854664.674397,/big.txt,81592320,65536,sequential,1.0000,1,81657856,4096,1
121,121_baseline_sequential_run01,baseline,sequential,1773854664.674442,/big.txt,81657856,65536,sequential,1.0000,1,81723392,4096,1
121,121_baseline_sequential_run01,baseline,sequential,1773854664.674486,/big.txt,81723392,65536,sequential,1.0000,1,81788928,4096,1
121,121_baseline_sequential_run01,baseline,sequential,1773854664.6745348,/big.txt,81788928,65536,sequential,1.0000,1,81854464,4096,1
121,121_baseline_sequential_run01,baseline,sequential,1773854664.674585,/big.txt,81854464,65536,sequential,1.0000,1,81920000,4096,1
121,121_baseline_sequential_run01,baseline,sequential,1773854664.6746292,/big.txt,81920000,65536,sequential,1.0000,1,81985536,4096,1
121,121_baseline_sequential_run01,baseline,sequential,1773854664.6746728,/big.txt,81985536,65536,sequential,1.0000,1,82051072,4096,1
121,121_baseline_sequential_run01,baseline,sequential,1773854664.67472,/big.txt,82051072,65536,sequential,1.0000,1,82116608,4096,1
121,121_baseline_sequential_run01,baseline,sequential,1773854664.6747699,/big.txt,82116608,65536,sequential,1.0000,1,82182144,4096,1
121,121_baseline_sequential_run01,baseline,sequential,1773854664.674817,/big.txt,82182144,65536,sequential,1.0000,1,82247680,4096,1
121,121_baseline_sequential_run01,baseline,sequential,1773854664.674863,/big.txt,82247680,65536,sequential,1.0000,1,82313216,4096,1
121,121_baseline_sequential_run01,baseline,sequential,1773854664.674906,/big.txt,82313216,65536,sequential,1.0000,1,82378752,4096,1
121,121_baseline_sequential_run01,baseline,sequential,1773854664.674952,/big.txt,82378752,65536,sequential,1.0000,1,82444288,4096,1
121,121_baseline_sequential_run01,baseline,sequential,1773854664.674995,/big.txt,82444288,65536,sequential,1.0000,1,82509824,4096,1
121,121_baseline_sequential_run01,baseline,sequential,1773854664.67504,/big.txt,82509824,65536,sequential,1.0000,1,82575360,4096,1
121,121_baseline_sequential_run01,baseline,sequential,1773854664.675084,/big.txt,82575360,65536,sequential,1.0000,1,82640896,4096,1
121,121_baseline_sequential_run01,baseline,sequential,1773854664.6751292,/big.txt,82640896,65536,sequential,1.0000,1,82706432,4096,1
121,121_baseline_sequential_run01,baseline,sequential,1773854664.675173,/big.txt,82706432,65536,sequential,1.0000,1,82771968,4096,1
121,121_baseline_sequential_run01,baseline,sequential,1773854664.675217,/big.txt,82771968,65536,sequential,1.0000,1,82837504,4096,1
121,121_baseline_sequential_run01,baseline,sequential,1773854664.675265,/big.txt,82837504,65536,sequential,1.0000,1,82903040,4096,1
121,121_baseline_sequential_run01,baseline,sequential,1773854664.675308,/big.txt,82903040,65536,sequential,1.0000,1,82968576,4096,1
121,121_baseline_sequential_run01,baseline,sequential,1773854664.675353,/big.txt,82968576,65536,sequential,1.0000,1,83034112,4096,1
121,121_baseline_sequential_run01,baseline,sequential,1773854664.6753972,/big.txt,83034112,65536,sequential,1.0000,1,83099648,4096,1
121,121_baseline_sequential_run01,baseline,sequential,1773854664.67544,/big.txt,83099648,65536,sequential,1.0000,1,83165184,4096,1
121,121_baseline_sequential_run01,baseline,sequential,1773854664.675482,/big.txt,83165184,65536,sequential,1.0000,1,83230720,4096,1
121,121_baseline_sequential_run01,baseline,sequential,1773854664.6755269,/big.txt,83230720,65536,sequential,1.0000,1,83296256,4096,1
121,121_baseline_sequential_run01,baseline,sequential,1773854664.67557,/big.txt,83296256,65536,sequential,1.0000,1,83361792,4096,1
121,121_baseline_sequential_run01,baseline,sequential,1773854664.675613,/big.txt,83361792,65536,sequential,1.0000,1,83427328,4096,1
121,121_baseline_sequential_run01,baseline,sequential,1773854664.6756558,/big.txt,83427328,65536,sequential,1.0000,1,83492864,4096,1
121,121_baseline_sequential_run01,baseline,sequential,1773854664.675818,/big.txt,83492864,65536,sequential,1.0000,1,83558400,4096,1
121,121_baseline_sequential_run01,baseline,sequential,1773854664.6758652,/big.txt,83558400,65536,sequential,1.0000,1,83623936,4096,1
121,121_baseline_sequential_run01,baseline,sequential,1773854664.675912,/big.txt,83623936,65536,sequential,1.0000,1,83689472,4096,1
121,121_baseline_sequential_run01,baseline,sequential,1773854664.675957,/big.txt,83689472,65536,sequential,1.0000,1,83755008,4096,1
121,121_baseline_sequential_run01,baseline,sequential,1773854664.6760051,/big.txt,83755008,65536,sequential,1.0000,1,83820544,4096,1
121,121_baseline_sequential_run01,baseline,sequential,1773854664.6760561,/big.txt,83820544,65536,sequential,1.0000,1,83886080,4096,1
121,121_baseline_sequential_run01,baseline,sequential,1773854664.6761012,/big.txt,83886080,65536,sequential,1.0000,1,83951616,4096,1
121,121_baseline_sequential_run01,baseline,sequential,1773854664.676146,/big.txt,83951616,65536,sequential,1.0000,1,84017152,4096,1
121,121_baseline_sequential_run01,baseline,sequential,1773854664.676192,/big.txt,84017152,65536,sequential,1.0000,1,84082688,4096,1
121,121_baseline_sequential_run01,baseline,sequential,1773854664.676265,/big.txt,84082688,65536,sequential,1.0000,1,84148224,4096,1
121,121_baseline_sequential_run01,baseline,sequential,1773854664.6763442,/big.txt,84148224,65536,sequential,1.0000,1,84213760,4096,1
121,121_baseline_sequential_run01,baseline,sequential,1773854664.6764212,/big.txt,84213760,65536,sequential,1.0000,1,84279296,4096,1
121,121_baseline_sequential_run01,baseline,sequential,1773854664.6764789,/big.txt,84279296,65536,sequential,1.0000,1,84344832,4096,1
121,121_baseline_sequential_run01,baseline,sequential,1773854664.6765382,/big.txt,84344832,65536,sequential,1.0000,1,84410368,4096,1
121,121_baseline_sequential_run01,baseline,sequential,1773854664.6766,/big.txt,84410368,65536,sequential,1.0000,1,84475904,4096,1
121,121_baseline_sequential_run01,baseline,sequential,1773854664.6766589,/big.txt,84475904,65536,sequential,1.0000,1,84541440,4096,1
121,121_baseline_sequential_run01,baseline,sequential,1773854664.6767051,/big.txt,84541440,65536,sequential,1.0000,1,84606976,4096,1
121,121_baseline_sequential_run01,baseline,sequential,1773854664.67677,/big.txt,84606976,65536,sequential,1.0000,1,84672512,4096,1
121,121_baseline_sequential_run01,baseline,sequential,1773854664.67682,/big.txt,84672512,65536,sequential,1.0000,1,84738048,4096,1
121,121_baseline_sequential_run01,baseline,sequential,1773854664.676867,/big.txt,84738048,65536,sequential,1.0000,1,84803584,4096,1
121,121_baseline_sequential_run01,baseline,sequential,1773854664.676912,/big.txt,84803584,65536,sequential,1.0000,1,84869120,4096,1
121,121_baseline_sequential_run01,baseline,sequential,1773854664.676957,/big.txt,84869120,65536,sequential,1.0000,1,84934656,4096,1
121,121_baseline_sequential_run01,baseline,sequential,1773854664.677002,/big.txt,84934656,65536,sequential,1.0000,1,85000192,4096,1
121,121_baseline_sequential_run01,baseline,sequential,1773854664.677055,/big.txt,85000192,65536,sequential,1.0000,1,85065728,4096,1
121,121_baseline_sequential_run01,baseline,sequential,1773854664.677103,/big.txt,85065728,65536,sequential,1.0000,1,85131264,4096,1
121,121_baseline_sequential_run01,baseline,sequential,1773854664.677147,/big.txt,85131264,65536,sequential,1.0000,1,85196800,4096,1
121,121_baseline_sequential_run01,baseline,sequential,1773854664.677192,/big.txt,85196800,65536,sequential,1.0000,1,85262336,4096,1
121,121_baseline_sequential_run01,baseline,sequential,1773854664.677237,/big.txt,85262336,65536,sequential,1.0000,1,85327872,4096,1
121,121_baseline_sequential_run01,baseline,sequential,1773854664.677282,/big.txt,85327872,65536,sequential,1.0000,1,85393408,4096,1
121,121_baseline_sequential_run01,baseline,sequential,1773854664.677326,/big.txt,85393408,65536,sequential,1.0000,1,85458944,4096,1
121,121_baseline_sequential_run01,baseline,sequential,1773854664.6773708,/big.txt,85458944,65536,sequential,1.0000,1,85524480,4096,1
121,121_baseline_sequential_run01,baseline,sequential,1773854664.677419,/big.txt,85524480,65536,sequential,1.0000,1,85590016,4096,1
121,121_baseline_sequential_run01,baseline,sequential,1773854664.6774662,/big.txt,85590016,65536,sequential,1.0000,1,85655552,4096,1
121,121_baseline_sequential_run01,baseline,sequential,1773854664.6775098,/big.txt,85655552,65536,sequential,1.0000,1,85721088,4096,1
121,121_baseline_sequential_run01,baseline,sequential,1773854664.677554,/big.txt,85721088,65536,sequential,1.0000,1,85786624,4096,1
121,121_baseline_sequential_run01,baseline,sequential,1773854664.677598,/big.txt,85786624,65536,sequential,1.0000,1,85852160,4096,1
121,121_baseline_sequential_run01,baseline,sequential,1773854664.6776462,/big.txt,85852160,65536,sequential,1.0000,1,85917696,4096,1
121,121_baseline_sequential_run01,baseline,sequential,1773854664.677691,/big.txt,85917696,65536,sequential,1.0000,1,85983232,4096,1
121,121_baseline_sequential_run01,baseline,sequential,1773854664.677736,/big.txt,85983232,65536,sequential,1.0000,1,86048768,4096,1
121,121_baseline_sequential_run01,baseline,sequential,1773854664.67778,/big.txt,86048768,65536,sequential,1.0000,1,86114304,4096,1
121,121_baseline_sequential_run01,baseline,sequential,1773854664.677824,/big.txt,86114304,65536,sequential,1.0000,1,86179840,4096,1
121,121_baseline_sequential_run01,baseline,sequential,1773854664.677867,/big.txt,86179840,65536,sequential,1.0000,1,86245376,4096,1
121,121_baseline_sequential_run01,baseline,sequential,1773854664.677912,/big.txt,86245376,65536,sequential,1.0000,1,86310912,4096,1
121,121_baseline_sequential_run01,baseline,sequential,1773854664.6779552,/big.txt,86310912,65536,sequential,1.0000,1,86376448,4096,1
121,121_baseline_sequential_run01,baseline,sequential,1773854664.677999,/big.txt,86376448,65536,sequential,1.0000,1,86441984,4096,1
121,121_baseline_sequential_run01,baseline,sequential,1773854664.678043,/big.txt,86441984,65536,sequential,1.0000,1,86507520,4096,1
121,121_baseline_sequential_run01,baseline,sequential,1773854664.678087,/big.txt,86507520,65536,sequential,1.0000,1,86573056,4096,1
121,121_baseline_sequential_run01,baseline,sequential,1773854664.6781309,/big.txt,86573056,65536,sequential,1.0000,1,86638592,4096,1
121,121_baseline_sequential_run01,baseline,sequential,1773854664.678176,/big.txt,86638592,65536,sequential,1.0000,1,86704128,4096,1
121,121_baseline_sequential_run01,baseline,sequential,1773854664.678219,/big.txt,86704128,65536,sequential,1.0000,1,86769664,4096,1
121,121_baseline_sequential_run01,baseline,sequential,1773854664.678263,/big.txt,86769664,65536,sequential,1.0000,1,86835200,4096,1
121,121_baseline_sequential_run01,baseline,sequential,1773854664.678308,/big.txt,86835200,65536,sequential,1.0000,1,86900736,4096,1
121,121_baseline_sequential_run01,baseline,sequential,1773854664.6783512,/big.txt,86900736,65536,sequential,1.0000,1,86966272,4096,1
121,121_baseline_sequential_run01,baseline,sequential,1773854664.678396,/big.txt,86966272,65536,sequential,1.0000,1,87031808,4096,1
121,121_baseline_sequential_run01,baseline,sequential,1773854664.678439,/big.txt,87031808,65536,sequential,1.0000,1,87097344,4096,1
121,121_baseline_sequential_run01,baseline,sequential,1773854664.678484,/big.txt,87097344,65536,sequential,1.0000,1,87162880,4096,1
121,121_baseline_sequential_run01,baseline,sequential,1773854664.678528,/big.txt,87162880,65536,sequential,1.0000,1,87228416,4096,1
121,121_baseline_sequential_run01,baseline,sequential,1773854664.678572,/big.txt,87228416,65536,sequential,1.0000,1,87293952,4096,1
121,121_baseline_sequential_run01,baseline,sequential,1773854664.678616,/big.txt,87293952,65536,sequential,1.0000,1,87359488,4096,1
121,121_baseline_sequential_run01,baseline,sequential,1773854664.678661,/big.txt,87359488,65536,sequential,1.0000,1,87425024,4096,1
121,121_baseline_sequential_run01,baseline,sequential,1773854664.678713,/big.txt,87425024,65536,sequential,1.0000,1,87490560,4096,1
121,121_baseline_sequential_run01,baseline,sequential,1773854664.678756,/big.txt,87490560,65536,sequential,1.0000,1,87556096,4096,1
121,121_baseline_sequential_run01,baseline,sequential,1773854664.6788008,/big.txt,87556096,65536,sequential,1.0000,1,87621632,4096,1
121,121_baseline_sequential_run01,baseline,sequential,1773854664.678845,/big.txt,87621632,65536,sequential,1.0000,1,87687168,4096,1
121,121_baseline_sequential_run01,baseline,sequential,1773854664.6806269,/big.txt,87687168,65536,sequential,1.0000,1,87752704,4096,1
121,121_baseline_sequential_run01,baseline,sequential,1773854664.680672,/big.txt,87752704,65536,sequential,1.0000,1,87818240,4096,1
121,121_baseline_sequential_run01,baseline,sequential,1773854664.680717,/big.txt,87818240,65536,sequential,1.0000,1,87883776,4096,1
121,121_baseline_sequential_run01,baseline,sequential,1773854664.6807601,/big.txt,87883776,65536,sequential,1.0000,1,87949312,4096,1
121,121_baseline_sequential_run01,baseline,sequential,1773854664.680804,/big.txt,87949312,65536,sequential,1.0000,1,88014848,4096,1
121,121_baseline_sequential_run01,baseline,sequential,1773854664.680848,/big.txt,88014848,65536,sequential,1.0000,1,88080384,4096,1
121,121_baseline_sequential_run01,baseline,sequential,1773854664.680894,/big.txt,88080384,65536,sequential,1.0000,1,88145920,4096,1
121,121_baseline_sequential_run01,baseline,sequential,1773854664.68094,/big.txt,88145920,65536,sequential,1.0000,1,88211456,4096,1
121,121_baseline_sequential_run01,baseline,sequential,1773854664.680983,/big.txt,88211456,65536,sequential,1.0000,1,88276992,4096,1
121,121_baseline_sequential_run01,baseline,sequential,1773854664.6810272,/big.txt,88276992,65536,sequential,1.0000,1,88342528,4096,1
121,121_baseline_sequential_run01,baseline,sequential,1773854664.681071,/big.txt,88342528,65536,sequential,1.0000,1,88408064,4096,1
121,121_baseline_sequential_run01,baseline,sequential,1773854664.681113,/big.txt,88408064,65536,sequential,1.0000,1,88473600,4096,1
121,121_baseline_sequential_run01,baseline,sequential,1773854664.681157,/big.txt,88473600,65536,sequential,1.0000,1,88539136,4096,1
121,121_baseline_sequential_run01,baseline,sequential,1773854664.681202,/big.txt,88539136,65536,sequential,1.0000,1,88604672,4096,1
121,121_baseline_sequential_run01,baseline,sequential,1773854664.6812449,/big.txt,88604672,65536,sequential,1.0000,1,88670208,4096,1
121,121_baseline_sequential_run01,baseline,sequential,1773854664.681291,/big.txt,88670208,65536,sequential,1.0000,1,88735744,4096,1
121,121_baseline_sequential_run01,baseline,sequential,1773854664.681337,/big.txt,88735744,65536,sequential,1.0000,1,88801280,4096,1
121,121_baseline_sequential_run01,baseline,sequential,1773854664.681382,/big.txt,88801280,65536,sequential,1.0000,1,88866816,4096,1
121,121_baseline_sequential_run01,baseline,sequential,1773854664.681424,/big.txt,88866816,65536,sequential,1.0000,1,88932352,4096,1
121,121_baseline_sequential_run01,baseline,sequential,1773854664.681468,/big.txt,88932352,65536,sequential,1.0000,1,88997888,4096,1
121,121_baseline_sequential_run01,baseline,sequential,1773854664.6815119,/big.txt,88997888,65536,sequential,1.0000,1,89063424,4096,1
121,121_baseline_sequential_run01,baseline,sequential,1773854664.681555,/big.txt,89063424,65536,sequential,1.0000,1,89128960,4096,1
121,121_baseline_sequential_run01,baseline,sequential,1773854664.681599,/big.txt,89128960,65536,sequential,1.0000,1,89194496,4096,1
121,121_baseline_sequential_run01,baseline,sequential,1773854664.681642,/big.txt,89194496,65536,sequential,1.0000,1,89260032,4096,1
121,121_baseline_sequential_run01,baseline,sequential,1773854664.681685,/big.txt,89260032,65536,sequential,1.0000,1,89325568,4096,1
121,121_baseline_sequential_run01,baseline,sequential,1773854664.681729,/big.txt,89325568,65536,sequential,1.0000,1,89391104,4096,1
121,121_baseline_sequential_run01,baseline,sequential,1773854664.681772,/big.txt,89391104,65536,sequential,1.0000,1,89456640,4096,1
121,121_baseline_sequential_run01,baseline,sequential,1773854664.6818151,/big.txt,89456640,65536,sequential,1.0000,1,89522176,4096,1
121,121_baseline_sequential_run01,baseline,sequential,1773854664.681859,/big.txt,89522176,65536,sequential,1.0000,1,89587712,4096,1
121,121_baseline_sequential_run01,baseline,sequential,1773854664.681901,/big.txt,89587712,65536,sequential,1.0000,1,89653248,4096,1
121,121_baseline_sequential_run01,baseline,sequential,1773854664.6819441,/big.txt,89653248,65536,sequential,1.0000,1,89718784,4096,1
121,121_baseline_sequential_run01,baseline,sequential,1773854664.681988,/big.txt,89718784,65536,sequential,1.0000,1,89784320,4096,1
121,121_baseline_sequential_run01,baseline,sequential,1773854664.68203,/big.txt,89784320,65536,sequential,1.0000,1,89849856,4096,1
121,121_baseline_sequential_run01,baseline,sequential,1773854664.682073,/big.txt,89849856,65536,sequential,1.0000,1,89915392,4096,1
121,121_baseline_sequential_run01,baseline,sequential,1773854664.682116,/big.txt,89915392,65536,sequential,1.0000,1,89980928,4096,1
121,121_baseline_sequential_run01,baseline,sequential,1773854664.6821592,/big.txt,89980928,65536,sequential,1.0000,1,90046464,4096,1
121,121_baseline_sequential_run01,baseline,sequential,1773854664.682202,/big.txt,90046464,65536,sequential,1.0000,1,90112000,4096,1
121,121_baseline_sequential_run01,baseline,sequential,1773854664.682245,/big.txt,90112000,65536,sequential,1.0000,1,90177536,4096,1
121,121_baseline_sequential_run01,baseline,sequential,1773854664.6822882,/big.txt,90177536,65536,sequential,1.0000,1,90243072,4096,1
121,121_baseline_sequential_run01,baseline,sequential,1773854664.6823318,/big.txt,90243072,65536,sequential,1.0000,1,90308608,4096,1
121,121_baseline_sequential_run01,baseline,sequential,1773854664.682375,/big.txt,90308608,65536,sequential,1.0000,1,90374144,4096,1
121,121_baseline_sequential_run01,baseline,sequential,1773854664.68243,/big.txt,90374144,65536,sequential,1.0000,1,90439680,4096,1
121,121_baseline_sequential_run01,baseline,sequential,1773854664.682476,/big.txt,90439680,65536,sequential,1.0000,1,90505216,4096,1
121,121_baseline_sequential_run01,baseline,sequential,1773854664.682522,/big.txt,90505216,65536,sequential,1.0000,1,90570752,4096,1
121,121_baseline_sequential_run01,baseline,sequential,1773854664.682567,/big.txt,90570752,65536,sequential,1.0000,1,90636288,4096,1
121,121_baseline_sequential_run01,baseline,sequential,1773854664.682612,/big.txt,90636288,65536,sequential,1.0000,1,90701824,4096,1
121,121_baseline_sequential_run01,baseline,sequential,1773854664.682656,/big.txt,90701824,65536,sequential,1.0000,1,90767360,4096,1
121,121_baseline_sequential_run01,baseline,sequential,1773854664.682701,/big.txt,90767360,65536,sequential,1.0000,1,90832896,4096,1
121,121_baseline_sequential_run01,baseline,sequential,1773854664.6827462,/big.txt,90832896,65536,sequential,1.0000,1,90898432,4096,1
121,121_baseline_sequential_run01,baseline,sequential,1773854664.6827898,/big.txt,90898432,65536,sequential,1.0000,1,90963968,4096,1
121,121_baseline_sequential_run01,baseline,sequential,1773854664.682834,/big.txt,90963968,65536,sequential,1.0000,1,91029504,4096,1
121,121_baseline_sequential_run01,baseline,sequential,1773854664.682879,/big.txt,91029504,65536,sequential,1.0000,1,91095040,4096,1
121,121_baseline_sequential_run01,baseline,sequential,1773854664.682923,/big.txt,91095040,65536,sequential,1.0000,1,91160576,4096,1
121,121_baseline_sequential_run01,baseline,sequential,1773854664.682966,/big.txt,91160576,65536,sequential,1.0000,1,91226112,4096,1
121,121_baseline_sequential_run01,baseline,sequential,1773854664.68301,/big.txt,91226112,65536,sequential,1.0000,1,91291648,4096,1
121,121_baseline_sequential_run01,baseline,sequential,1773854664.6830552,/big.txt,91291648,65536,sequential,1.0000,1,91357184,4096,1
121,121_baseline_sequential_run01,baseline,sequential,1773854664.683098,/big.txt,91357184,65536,sequential,1.0000,1,91422720,4096,1
121,121_baseline_sequential_run01,baseline,sequential,1773854664.6831439,/big.txt,91422720,65536,sequential,1.0000,1,91488256,4096,1
121,121_baseline_sequential_run01,baseline,sequential,1773854664.683189,/big.txt,91488256,65536,sequential,1.0000,1,91553792,4096,1
121,121_baseline_sequential_run01,baseline,sequential,1773854664.683233,/big.txt,91553792,65536,sequential,1.0000,1,91619328,4096,1
121,121_baseline_sequential_run01,baseline,sequential,1773854664.6832771,/big.txt,91619328,65536,sequential,1.0000,1,91684864,4096,1
121,121_baseline_sequential_run01,baseline,sequential,1773854664.683321,/big.txt,91684864,65536,sequential,1.0000,1,91750400,4096,1
121,121_baseline_sequential_run01,baseline,sequential,1773854664.683365,/big.txt,91750400,65536,sequential,1.0000,1,91815936,4096,1
121,121_baseline_sequential_run01,baseline,sequential,1773854664.683412,/big.txt,91815936,65536,sequential,1.0000,1,91881472,4096,1
121,121_baseline_sequential_run01,baseline,sequential,1773854664.683563,/big.txt,91881472,65536,sequential,1.0000,1,91947008,4096,1
121,121_baseline_sequential_run01,baseline,sequential,1773854664.683617,/big.txt,91947008,65536,sequential,1.0000,1,92012544,4096,1
121,121_baseline_sequential_run01,baseline,sequential,1773854664.68369,/big.txt,92012544,65536,sequential,1.0000,1,92078080,4096,1
121,121_baseline_sequential_run01,baseline,sequential,1773854664.68374,/big.txt,92078080,65536,sequential,1.0000,1,92143616,4096,1
121,121_baseline_sequential_run01,baseline,sequential,1773854664.683788,/big.txt,92143616,65536,sequential,1.0000,1,92209152,4096,1
121,121_baseline_sequential_run01,baseline,sequential,1773854664.683836,/big.txt,92209152,65536,sequential,1.0000,1,92274688,4096,1
121,121_baseline_sequential_run01,baseline,sequential,1773854664.6838882,/big.txt,92274688,65536,sequential,1.0000,1,92340224,4096,1
121,121_baseline_sequential_run01,baseline,sequential,1773854664.683936,/big.txt,92340224,65536,sequential,1.0000,1,92405760,4096,1
121,121_baseline_sequential_run01,baseline,sequential,1773854664.683985,/big.txt,92405760,65536,sequential,1.0000,1,92471296,4096,1
121,121_baseline_sequential_run01,baseline,sequential,1773854664.684036,/big.txt,92471296,65536,sequential,1.0000,1,92536832,4096,1
121,121_baseline_sequential_run01,baseline,sequential,1773854664.684082,/big.txt,92536832,65536,sequential,1.0000,1,92602368,4096,1
121,121_baseline_sequential_run01,baseline,sequential,1773854664.684129,/big.txt,92602368,65536,sequential,1.0000,1,92667904,4096,1
121,121_baseline_sequential_run01,baseline,sequential,1773854664.684174,/big.txt,92667904,65536,sequential,1.0000,1,92733440,4096,1
121,121_baseline_sequential_run01,baseline,sequential,1773854664.6842182,/big.txt,92733440,65536,sequential,1.0000,1,92798976,4096,1
121,121_baseline_sequential_run01,baseline,sequential,1773854664.684263,/big.txt,92798976,65536,sequential,1.0000,1,92864512,4096,1
121,121_baseline_sequential_run01,baseline,sequential,1773854664.6843069,/big.txt,92864512,65536,sequential,1.0000,1,92930048,4096,1
121,121_baseline_sequential_run01,baseline,sequential,1773854664.684358,/big.txt,92930048,65536,sequential,1.0000,1,92995584,4096,1
121,121_baseline_sequential_run01,baseline,sequential,1773854664.684403,/big.txt,92995584,65536,sequential,1.0000,1,93061120,4096,1
121,121_baseline_sequential_run01,baseline,sequential,1773854664.684454,/big.txt,93061120,65536,sequential,1.0000,1,93126656,4096,1
121,121_baseline_sequential_run01,baseline,sequential,1773854664.684507,/big.txt,93126656,65536,sequential,1.0000,1,93192192,4096,1
121,121_baseline_sequential_run01,baseline,sequential,1773854664.6845498,/big.txt,93192192,65536,sequential,1.0000,1,93257728,4096,1
121,121_baseline_sequential_run01,baseline,sequential,1773854664.684598,/big.txt,93257728,65536,sequential,1.0000,1,93323264,4096,1
121,121_baseline_sequential_run01,baseline,sequential,1773854664.684649,/big.txt,93323264,65536,sequential,1.0000,1,93388800,4096,1
121,121_baseline_sequential_run01,baseline,sequential,1773854664.684693,/big.txt,93388800,65536,sequential,1.0000,1,93454336,4096,1
121,121_baseline_sequential_run01,baseline,sequential,1773854664.684737,/big.txt,93454336,65536,sequential,1.0000,1,93519872,4096,1
121,121_baseline_sequential_run01,baseline,sequential,1773854664.6847801,/big.txt,93519872,65536,sequential,1.0000,1,93585408,4096,1
121,121_baseline_sequential_run01,baseline,sequential,1773854664.6848269,/big.txt,93585408,65536,sequential,1.0000,1,93650944,4096,1
121,121_baseline_sequential_run01,baseline,sequential,1773854664.68487,/big.txt,93650944,65536,sequential,1.0000,1,93716480,4096,1
121,121_baseline_sequential_run01,baseline,sequential,1773854664.684917,/big.txt,93716480,65536,sequential,1.0000,1,93782016,4096,1
121,121_baseline_sequential_run01,baseline,sequential,1773854664.684963,/big.txt,93782016,65536,sequential,1.0000,1,93847552,4096,1
121,121_baseline_sequential_run01,baseline,sequential,1773854664.6850061,/big.txt,93847552,65536,sequential,1.0000,1,93913088,4096,1
121,121_baseline_sequential_run01,baseline,sequential,1773854664.685055,/big.txt,93913088,65536,sequential,1.0000,1,93978624,4096,1
121,121_baseline_sequential_run01,baseline,sequential,1773854664.6851,/big.txt,93978624,65536,sequential,1.0000,1,94044160,4096,1
121,121_baseline_sequential_run01,baseline,sequential,1773854664.6851451,/big.txt,94044160,65536,sequential,1.0000,1,94109696,4096,1
121,121_baseline_sequential_run01,baseline,sequential,1773854664.685198,/big.txt,94109696,65536,sequential,1.0000,1,94175232,4096,1
121,121_baseline_sequential_run01,baseline,sequential,1773854664.685241,/big.txt,94175232,65536,sequential,1.0000,1,94240768,4096,1
121,121_baseline_sequential_run01,baseline,sequential,1773854664.6852841,/big.txt,94240768,65536,sequential,1.0000,1,94306304,4096,1
121,121_baseline_sequential_run01,baseline,sequential,1773854664.6853278,/big.txt,94306304,65536,sequential,1.0000,1,94371840,4096,1
121,121_baseline_sequential_run01,baseline,sequential,1773854664.6853719,/big.txt,94371840,65536,sequential,1.0000,1,94437376,4096,1
121,121_baseline_sequential_run01,baseline,sequential,1773854664.685418,/big.txt,94437376,65536,sequential,1.0000,1,94502912,4096,1
121,121_baseline_sequential_run01,baseline,sequential,1773854664.685462,/big.txt,94502912,65536,sequential,1.0000,1,94568448,4096,1
121,121_baseline_sequential_run01,baseline,sequential,1773854664.685505,/big.txt,94568448,65536,sequential,1.0000,1,94633984,4096,1
121,121_baseline_sequential_run01,baseline,sequential,1773854664.68555,/big.txt,94633984,65536,sequential,1.0000,1,94699520,4096,1
121,121_baseline_sequential_run01,baseline,sequential,1773854664.6855931,/big.txt,94699520,65536,sequential,1.0000,1,94765056,4096,1
121,121_baseline_sequential_run01,baseline,sequential,1773854664.685636,/big.txt,94765056,65536,sequential,1.0000,1,94830592,4096,1
121,121_baseline_sequential_run01,baseline,sequential,1773854664.6856802,/big.txt,94830592,65536,sequential,1.0000,1,94896128,4096,1
121,121_baseline_sequential_run01,baseline,sequential,1773854664.6857228,/big.txt,94896128,65536,sequential,1.0000,1,94961664,4096,1
121,121_baseline_sequential_run01,baseline,sequential,1773854664.685766,/big.txt,94961664,65536,sequential,1.0000,1,95027200,4096,1
121,121_baseline_sequential_run01,baseline,sequential,1773854664.685809,/big.txt,95027200,65536,sequential,1.0000,1,95092736,4096,1
121,121_baseline_sequential_run01,baseline,sequential,1773854664.685853,/big.txt,95092736,65536,sequential,1.0000,1,95158272,4096,1
121,121_baseline_sequential_run01,baseline,sequential,1773854664.6858969,/big.txt,95158272,65536,sequential,1.0000,1,95223808,4096,1
121,121_baseline_sequential_run01,baseline,sequential,1773854664.68594,/big.txt,95223808,65536,sequential,1.0000,1,95289344,4096,1
121,121_baseline_sequential_run01,baseline,sequential,1773854664.685985,/big.txt,95289344,65536,sequential,1.0000,1,95354880,4096,1
121,121_baseline_sequential_run01,baseline,sequential,1773854664.686029,/big.txt,95354880,65536,sequential,1.0000,1,95420416,4096,1
121,121_baseline_sequential_run01,baseline,sequential,1773854664.686072,/big.txt,95420416,65536,sequential,1.0000,1,95485952,4096,1
121,121_baseline_sequential_run01,baseline,sequential,1773854664.686116,/big.txt,95485952,65536,sequential,1.0000,1,95551488,4096,1
121,121_baseline_sequential_run01,baseline,sequential,1773854664.6861598,/big.txt,95551488,65536,sequential,1.0000,1,95617024,4096,1
121,121_baseline_sequential_run01,baseline,sequential,1773854664.6862028,/big.txt,95617024,65536,sequential,1.0000,1,95682560,4096,1
121,121_baseline_sequential_run01,baseline,sequential,1773854664.6862469,/big.txt,95682560,65536,sequential,1.0000,1,95748096,4096,1
121,121_baseline_sequential_run01,baseline,sequential,1773854664.686291,/big.txt,95748096,65536,sequential,1.0000,1,95813632,4096,1
121,121_baseline_sequential_run01,baseline,sequential,1773854664.686334,/big.txt,95813632,65536,sequential,1.0000,1,95879168,4096,1
121,121_baseline_sequential_run01,baseline,sequential,1773854664.686377,/big.txt,95879168,65536,sequential,1.0000,1,95944704,4096,1
121,121_baseline_sequential_run01,baseline,sequential,1773854664.686421,/big.txt,95944704,65536,sequential,1.0000,1,96010240,4096,1
121,121_baseline_sequential_run01,baseline,sequential,1773854664.686464,/big.txt,96010240,65536,sequential,1.0000,1,96075776,4096,1
121,121_baseline_sequential_run01,baseline,sequential,1773854664.6866,/big.txt,96075776,65536,sequential,1.0000,1,96141312,4096,1
121,121_baseline_sequential_run01,baseline,sequential,1773854664.686644,/big.txt,96141312,65536,sequential,1.0000,1,96206848,4096,1
121,121_baseline_sequential_run01,baseline,sequential,1773854664.686688,/big.txt,96206848,65536,sequential,1.0000,1,96272384,4096,1
121,121_baseline_sequential_run01,baseline,sequential,1773854664.686733,/big.txt,96272384,65536,sequential,1.0000,1,96337920,4096,1
121,121_baseline_sequential_run01,baseline,sequential,1773854664.686782,/big.txt,96337920,65536,sequential,1.0000,1,96403456,4096,1
121,121_baseline_sequential_run01,baseline,sequential,1773854664.686827,/big.txt,96403456,65536,sequential,1.0000,1,96468992,4096,1
121,121_baseline_sequential_run01,baseline,sequential,1773854664.686872,/big.txt,96468992,65536,sequential,1.0000,1,96534528,4096,1
121,121_baseline_sequential_run01,baseline,sequential,1773854664.686921,/big.txt,96534528,65536,sequential,1.0000,1,96600064,4096,1
121,121_baseline_sequential_run01,baseline,sequential,1773854664.686976,/big.txt,96600064,65536,sequential,1.0000,1,96665600,4096,1
121,121_baseline_sequential_run01,baseline,sequential,1773854664.6870248,/big.txt,96665600,65536,sequential,1.0000,1,96731136,4096,1
121,121_baseline_sequential_run01,baseline,sequential,1773854664.687069,/big.txt,96731136,65536,sequential,1.0000,1,96796672,4096,1
121,121_baseline_sequential_run01,baseline,sequential,1773854664.687114,/big.txt,96796672,65536,sequential,1.0000,1,96862208,4096,1
121,121_baseline_sequential_run01,baseline,sequential,1773854664.687159,/big.txt,96862208,65536,sequential,1.0000,1,96927744,4096,1
121,121_baseline_sequential_run01,baseline,sequential,1773854664.68721,/big.txt,96927744,65536,sequential,1.0000,1,96993280,4096,1
121,121_baseline_sequential_run01,baseline,sequential,1773854664.687253,/big.txt,96993280,65536,sequential,1.0000,1,97058816,4096,1
121,121_baseline_sequential_run01,baseline,sequential,1773854664.687299,/big.txt,97058816,65536,sequential,1.0000,1,97124352,4096,1
121,121_baseline_sequential_run01,baseline,sequential,1773854664.687346,/big.txt,97124352,65536,sequential,1.0000,1,97189888,4096,1
121,121_baseline_sequential_run01,baseline,sequential,1773854664.687391,/big.txt,97189888,65536,sequential,1.0000,1,97255424,4096,1
121,121_baseline_sequential_run01,baseline,sequential,1773854664.687444,/big.txt,97255424,65536,sequential,1.0000,1,97320960,4096,1
121,121_baseline_sequential_run01,baseline,sequential,1773854664.687496,/big.txt,97320960,65536,sequential,1.0000,1,97386496,4096,1
121,121_baseline_sequential_run01,baseline,sequential,1773854664.687542,/big.txt,97386496,65536,sequential,1.0000,1,97452032,4096,1
121,121_baseline_sequential_run01,baseline,sequential,1773854664.6875892,/big.txt,97452032,65536,sequential,1.0000,1,97517568,4096,1
121,121_baseline_sequential_run01,baseline,sequential,1773854664.6876328,/big.txt,97517568,65536,sequential,1.0000,1,97583104,4096,1
121,121_baseline_sequential_run01,baseline,sequential,1773854664.687679,/big.txt,97583104,65536,sequential,1.0000,1,97648640,4096,1
121,121_baseline_sequential_run01,baseline,sequential,1773854664.687722,/big.txt,97648640,65536,sequential,1.0000,1,97714176,4096,1
121,121_baseline_sequential_run01,baseline,sequential,1773854664.687765,/big.txt,97714176,65536,sequential,1.0000,1,97779712,4096,1
121,121_baseline_sequential_run01,baseline,sequential,1773854664.687812,/big.txt,97779712,65536,sequential,1.0000,1,97845248,4096,1
121,121_baseline_sequential_run01,baseline,sequential,1773854664.6878679,/big.txt,97845248,65536,sequential,1.0000,1,97910784,4096,1
121,121_baseline_sequential_run01,baseline,sequential,1773854664.687914,/big.txt,97910784,65536,sequential,1.0000,1,97976320,4096,1
121,121_baseline_sequential_run01,baseline,sequential,1773854664.687958,/big.txt,97976320,65536,sequential,1.0000,1,98041856,4096,1
121,121_baseline_sequential_run01,baseline,sequential,1773854664.688,/big.txt,98041856,65536,sequential,1.0000,1,98107392,4096,1
121,121_baseline_sequential_run01,baseline,sequential,1773854664.6880472,/big.txt,98107392,65536,sequential,1.0000,1,98172928,4096,1
121,121_baseline_sequential_run01,baseline,sequential,1773854664.688093,/big.txt,98172928,65536,sequential,1.0000,1,98238464,4096,1
121,121_baseline_sequential_run01,baseline,sequential,1773854664.688137,/big.txt,98238464,65536,sequential,1.0000,1,98304000,4096,1
121,121_baseline_sequential_run01,baseline,sequential,1773854664.6881878,/big.txt,98304000,65536,sequential,1.0000,1,98369536,4096,1
121,121_baseline_sequential_run01,baseline,sequential,1773854664.688232,/big.txt,98369536,65536,sequential,1.0000,1,98435072,4096,1
121,121_baseline_sequential_run01,baseline,sequential,1773854664.6882749,/big.txt,98435072,65536,sequential,1.0000,1,98500608,4096,1
121,121_baseline_sequential_run01,baseline,sequential,1773854664.688318,/big.txt,98500608,65536,sequential,1.0000,1,98566144,4096,1
121,121_baseline_sequential_run01,baseline,sequential,1773854664.688361,/big.txt,98566144,65536,sequential,1.0000,1,98631680,4096,1
121,121_baseline_sequential_run01,baseline,sequential,1773854664.688404,/big.txt,98631680,65536,sequential,1.0000,1,98697216,4096,1
121,121_baseline_sequential_run01,baseline,sequential,1773854664.688447,/big.txt,98697216,65536,sequential,1.0000,1,98762752,4096,1
121,121_baseline_sequential_run01,baseline,sequential,1773854664.68849,/big.txt,98762752,65536,sequential,1.0000,1,98828288,4096,1
121,121_baseline_sequential_run01,baseline,sequential,1773854664.688533,/big.txt,98828288,65536,sequential,1.0000,1,98893824,4096,1
121,121_baseline_sequential_run01,baseline,sequential,1773854664.688582,/big.txt,98893824,65536,sequential,1.0000,1,98959360,4096,1
121,121_baseline_sequential_run01,baseline,sequential,1773854664.6886249,/big.txt,98959360,65536,sequential,1.0000,1,99024896,4096,1
121,121_baseline_sequential_run01,baseline,sequential,1773854664.688669,/big.txt,99024896,65536,sequential,1.0000,1,99090432,4096,1
121,121_baseline_sequential_run01,baseline,sequential,1773854664.688713,/big.txt,99090432,65536,sequential,1.0000,1,99155968,4096,1
121,121_baseline_sequential_run01,baseline,sequential,1773854664.688756,/big.txt,99155968,65536,sequential,1.0000,1,99221504,4096,1
121,121_baseline_sequential_run01,baseline,sequential,1773854664.688799,/big.txt,99221504,65536,sequential,1.0000,1,99287040,4096,1
121,121_baseline_sequential_run01,baseline,sequential,1773854664.688842,/big.txt,99287040,65536,sequential,1.0000,1,99352576,4096,1
121,121_baseline_sequential_run01,baseline,sequential,1773854664.688886,/big.txt,99352576,65536,sequential,1.0000,1,99418112,4096,1
121,121_baseline_sequential_run01,baseline,sequential,1773854664.688928,/big.txt,99418112,65536,sequential,1.0000,1,99483648,4096,1
121,121_baseline_sequential_run01,baseline,sequential,1773854664.688971,/big.txt,99483648,65536,sequential,1.0000,1,99549184,4096,1
121,121_baseline_sequential_run01,baseline,sequential,1773854664.689016,/big.txt,99549184,65536,sequential,1.0000,1,99614720,4096,1
121,121_baseline_sequential_run01,baseline,sequential,1773854664.6890602,/big.txt,99614720,65536,sequential,1.0000,1,99680256,4096,1
121,121_baseline_sequential_run01,baseline,sequential,1773854664.6891038,/big.txt,99680256,65536,sequential,1.0000,1,99745792,4096,1
121,121_baseline_sequential_run01,baseline,sequential,1773854664.689148,/big.txt,99745792,65536,sequential,1.0000,1,99811328,4096,1
121,121_baseline_sequential_run01,baseline,sequential,1773854664.6891918,/big.txt,99811328,65536,sequential,1.0000,1,99876864,4096,1
121,121_baseline_sequential_run01,baseline,sequential,1773854664.689235,/big.txt,99876864,65536,sequential,1.0000,1,99942400,4096,1
121,121_baseline_sequential_run01,baseline,sequential,1773854664.689279,/big.txt,99942400,65536,sequential,1.0000,1,100007936,4096,1
121,121_baseline_sequential_run01,baseline,sequential,1773854664.6893241,/big.txt,100007936,65536,sequential,1.0000,1,100073472,4096,1
121,121_baseline_sequential_run01,baseline,sequential,1773854664.689368,/big.txt,100073472,65536,sequential,1.0000,1,100139008,4096,1
121,121_baseline_sequential_run01,baseline,sequential,1773854664.689416,/big.txt,100139008,65536,sequential,1.0000,1,100204544,4096,1
121,121_baseline_sequential_run01,baseline,sequential,1773854664.68946,/big.txt,100204544,65536,sequential,1.0000,1,100270080,4096,1
121,121_baseline_sequential_run01,baseline,sequential,1773854664.689504,/big.txt,100270080,65536,sequential,1.0000,1,100335616,4096,1
121,121_baseline_sequential_run01,baseline,sequential,1773854664.689548,/big.txt,100335616,65536,sequential,1.0000,1,100401152,4096,1
121,121_baseline_sequential_run01,baseline,sequential,1773854664.689591,/big.txt,100401152,65536,sequential,1.0000,1,100466688,4096,1
121,121_baseline_sequential_run01,baseline,sequential,1773854664.689634,/big.txt,100466688,65536,sequential,1.0000,1,100532224,4096,1
121,121_baseline_sequential_run01,baseline,sequential,1773854664.6896782,/big.txt,100532224,65536,sequential,1.0000,1,100597760,4096,1
121,121_baseline_sequential_run01,baseline,sequential,1773854664.689721,/big.txt,100597760,65536,sequential,1.0000,1,100663296,4096,1
121,121_baseline_sequential_run01,baseline,sequential,1773854664.689766,/big.txt,100663296,65536,sequential,1.0000,1,100728832,4096,1
121,121_baseline_sequential_run01,baseline,sequential,1773854664.689815,/big.txt,100728832,65536,sequential,1.0000,1,100794368,4096,1
121,121_baseline_sequential_run01,baseline,sequential,1773854664.689858,/big.txt,100794368,65536,sequential,1.0000,1,100859904,4096,1
121,121_baseline_sequential_run01,baseline,sequential,1773854664.689902,/big.txt,100859904,65536,sequential,1.0000,1,100925440,4096,1
121,121_baseline_sequential_run01,baseline,sequential,1773854664.689944,/big.txt,100925440,65536,sequential,1.0000,1,100990976,4096,1
121,121_baseline_sequential_run01,baseline,sequential,1773854664.6899872,/big.txt,100990976,65536,sequential,1.0000,1,101056512,4096,1
121,121_baseline_sequential_run01,baseline,sequential,1773854664.69003,/big.txt,101056512,65536,sequential,1.0000,1,101122048,4096,1
121,121_baseline_sequential_run01,baseline,sequential,1773854664.690073,/big.txt,101122048,65536,sequential,1.0000,1,101187584,4096,1
121,121_baseline_sequential_run01,baseline,sequential,1773854664.6901171,/big.txt,101187584,65536,sequential,1.0000,1,101253120,4096,1
121,121_baseline_sequential_run01,baseline,sequential,1773854664.690162,/big.txt,101253120,65536,sequential,1.0000,1,101318656,4096,1
121,121_baseline_sequential_run01,baseline,sequential,1773854664.690208,/big.txt,101318656,65536,sequential,1.0000,1,101384192,4096,1
121,121_baseline_sequential_run01,baseline,sequential,1773854664.690251,/big.txt,101384192,65536,sequential,1.0000,1,101449728,4096,1
121,121_baseline_sequential_run01,baseline,sequential,1773854664.690295,/big.txt,101449728,65536,sequential,1.0000,1,101515264,4096,1
121,121_baseline_sequential_run01,baseline,sequential,1773854664.690339,/big.txt,101515264,65536,sequential,1.0000,1,101580800,4096,1
121,121_baseline_sequential_run01,baseline,sequential,1773854664.690384,/big.txt,101580800,65536,sequential,1.0000,1,101646336,4096,1
121,121_baseline_sequential_run01,baseline,sequential,1773854664.690429,/big.txt,101646336,65536,sequential,1.0000,1,101711872,4096,1
121,121_baseline_sequential_run01,baseline,sequential,1773854664.6904771,/big.txt,101711872,65536,sequential,1.0000,1,101777408,4096,1
121,121_baseline_sequential_run01,baseline,sequential,1773854664.690521,/big.txt,101777408,65536,sequential,1.0000,1,101842944,4096,1
121,121_baseline_sequential_run01,baseline,sequential,1773854664.6905642,/big.txt,101842944,65536,sequential,1.0000,1,101908480,4096,1
121,121_baseline_sequential_run01,baseline,sequential,1773854664.690608,/big.txt,101908480,65536,sequential,1.0000,1,101974016,4096,1
121,121_baseline_sequential_run01,baseline,sequential,1773854664.690651,/big.txt,101974016,65536,sequential,1.0000,1,102039552,4096,1
121,121_baseline_sequential_run01,baseline,sequential,1773854664.6906939,/big.txt,102039552,65536,sequential,1.0000,1,102105088,4096,1
121,121_baseline_sequential_run01,baseline,sequential,1773854664.690738,/big.txt,102105088,65536,sequential,1.0000,1,102170624,4096,1
121,121_baseline_sequential_run01,baseline,sequential,1773854664.6907809,/big.txt,102170624,65536,sequential,1.0000,1,102236160,4096,1
121,121_baseline_sequential_run01,baseline,sequential,1773854664.690824,/big.txt,102236160,65536,sequential,1.0000,1,102301696,4096,1
121,121_baseline_sequential_run01,baseline,sequential,1773854664.690868,/big.txt,102301696,65536,sequential,1.0000,1,102367232,4096,1
121,121_baseline_sequential_run01,baseline,sequential,1773854664.690911,/big.txt,102367232,65536,sequential,1.0000,1,102432768,4096,1
121,121_baseline_sequential_run01,baseline,sequential,1773854664.690954,/big.txt,102432768,65536,sequential,1.0000,1,102498304,4096,1
121,121_baseline_sequential_run01,baseline,sequential,1773854664.690997,/big.txt,102498304,65536,sequential,1.0000,1,102563840,4096,1
121,121_baseline_sequential_run01,baseline,sequential,1773854664.691042,/big.txt,102563840,65536,sequential,1.0000,1,102629376,4096,1
121,121_baseline_sequential_run01,baseline,sequential,1773854664.691087,/big.txt,102629376,65536,sequential,1.0000,1,102694912,4096,1
121,121_baseline_sequential_run01,baseline,sequential,1773854664.691134,/big.txt,102694912,65536,sequential,1.0000,1,102760448,4096,1
121,121_baseline_sequential_run01,baseline,sequential,1773854664.691177,/big.txt,102760448,65536,sequential,1.0000,1,102825984,4096,1
121,121_baseline_sequential_run01,baseline,sequential,1773854664.69122,/big.txt,102825984,65536,sequential,1.0000,1,102891520,4096,1
121,121_baseline_sequential_run01,baseline,sequential,1773854664.691264,/big.txt,102891520,65536,sequential,1.0000,1,102957056,4096,1
121,121_baseline_sequential_run01,baseline,sequential,1773854664.691307,/big.txt,102957056,65536,sequential,1.0000,1,103022592,4096,1
121,121_baseline_sequential_run01,baseline,sequential,1773854664.69135,/big.txt,103022592,65536,sequential,1.0000,1,103088128,4096,1
121,121_baseline_sequential_run01,baseline,sequential,1773854664.691394,/big.txt,103088128,65536,sequential,1.0000,1,103153664,4096,1
121,121_baseline_sequential_run01,baseline,sequential,1773854664.691437,/big.txt,103153664,65536,sequential,1.0000,1,103219200,4096,1
121,121_baseline_sequential_run01,baseline,sequential,1773854664.6914802,/big.txt,103219200,65536,sequential,1.0000,1,103284736,4096,1
121,121_baseline_sequential_run01,baseline,sequential,1773854664.691524,/big.txt,103284736,65536,sequential,1.0000,1,103350272,4096,1
121,121_baseline_sequential_run01,baseline,sequential,1773854664.691566,/big.txt,103350272,65536,sequential,1.0000,1,103415808,4096,1
121,121_baseline_sequential_run01,baseline,sequential,1773854664.6916091,/big.txt,103415808,65536,sequential,1.0000,1,103481344,4096,1
121,121_baseline_sequential_run01,baseline,sequential,1773854664.691653,/big.txt,103481344,65536,sequential,1.0000,1,103546880,4096,1
121,121_baseline_sequential_run01,baseline,sequential,1773854664.691697,/big.txt,103546880,65536,sequential,1.0000,1,103612416,4096,1
121,121_baseline_sequential_run01,baseline,sequential,1773854664.6917398,/big.txt,103612416,65536,sequential,1.0000,1,103677952,4096,1
121,121_baseline_sequential_run01,baseline,sequential,1773854664.691783,/big.txt,103677952,65536,sequential,1.0000,1,103743488,4096,1
121,121_baseline_sequential_run01,baseline,sequential,1773854664.6918259,/big.txt,103743488,65536,sequential,1.0000,1,103809024,4096,1
121,121_baseline_sequential_run01,baseline,sequential,1773854664.69187,/big.txt,103809024,65536,sequential,1.0000,1,103874560,4096,1
121,121_baseline_sequential_run01,baseline,sequential,1773854664.691913,/big.txt,103874560,65536,sequential,1.0000,1,103940096,4096,1
121,121_baseline_sequential_run01,baseline,sequential,1773854664.691957,/big.txt,103940096,65536,sequential,1.0000,1,104005632,4096,1
121,121_baseline_sequential_run01,baseline,sequential,1773854664.692,/big.txt,104005632,65536,sequential,1.0000,1,104071168,4096,1
121,121_baseline_sequential_run01,baseline,sequential,1773854664.692043,/big.txt,104071168,65536,sequential,1.0000,1,104136704,4096,1
121,121_baseline_sequential_run01,baseline,sequential,1773854664.692086,/big.txt,104136704,65536,sequential,1.0000,1,104202240,4096,1
121,121_baseline_sequential_run01,baseline,sequential,1773854664.69213,/big.txt,104202240,65536,sequential,1.0000,1,104267776,4096,1
121,121_baseline_sequential_run01,baseline,sequential,1773854664.692173,/big.txt,104267776,65536,sequential,1.0000,1,104333312,4096,1
121,121_baseline_sequential_run01,baseline,sequential,1773854664.6922162,/big.txt,104333312,65536,sequential,1.0000,1,104398848,4096,1
121,121_baseline_sequential_run01,baseline,sequential,1773854664.692259,/big.txt,104398848,65536,sequential,1.0000,1,104464384,4096,1
121,121_baseline_sequential_run01,baseline,sequential,1773854664.6923032,/big.txt,104464384,65536,sequential,1.0000,1,104529920,4096,1
121,121_baseline_sequential_run01,baseline,sequential,1773854664.692346,/big.txt,104529920,65536,sequential,1.0000,1,104595456,4096,1
121,121_baseline_sequential_run01,baseline,sequential,1773854664.69239,/big.txt,104595456,65536,sequential,1.0000,1,104660992,4096,1
121,121_baseline_sequential_run01,baseline,sequential,1773854664.6924329,/big.txt,104660992,65536,sequential,1.0000,1,104726528,4096,1
121,121_baseline_sequential_run01,baseline,sequential,1773854664.692477,/big.txt,104726528,65536,sequential,1.0000,1,104792064,4096,1
121,121_baseline_sequential_run01,baseline,sequential,1773854664.692522,/big.txt,104792064,65536,sequential,1.0000,1,104857600,4096,1
121,121_baseline_sequential_run01,baseline,sequential,1773854664.692554,/big.txt,104857600,0,sequential,1.0000,0,,,1
